Description:  
Condition:  
Environment:  
Source:  
Weather:  
Feeling: Neither good, no bad 
Appropriate: Moderately 
Reason:  
Coordinates: No data, No data 
Calibration: 24 dBA 
Measure start: 2024-10-14 15:11:43 
Measure stop: 2024-10-14 15:12:40 
Duration: 00:00:57 
LAeq(t): 51.8 dBA 
Cloud: No 
===
Date;Time;LAeq(t);LAeq(1s);Marker;LZeq(t);LZeq(1s);LZeq_16;LZeq_20;LZeq_25;LZeq_31.5;LZeq_40;LZeq_50;LZeq_63;LZeq_80;LZeq_100;LZeq_125;LZeq_160;LZeq_200;LZeq_250;LZeq_315;LZeq_400;LZeq_500;LZeq_630;LZeq_800;LZeq_1000;LZeq_1250;LZeq_1600;LZeq_2000;LZeq_2500;LZeq_3150;LZeq_4000;LZeq_5000;LZeq_6300;LZeq_8000;LZeq_10000;LZeq_12500;LZeq_16000;LZeq_20000;LZmin_16;LZmin_20;LZmin_25;LZmin_31.5;LZmin_40;LZmin_50;LZmin_63;LZmin_80;LZmin_100;LZmin_125;LZmin_160;LZmin_200;LZmin_250;LZmin_315;LZmin_400;LZmin_500;LZmin_630;LZmin_800;LZmin_1000;LZmin_1250;LZmin_1600;LZmin_2000;LZmin_2500;LZmin_3150;LZmin_4000;LZmin_5000;LZmin_6300;LZmin_8000;LZmin_10000;LZmin_12500;LZmin_16000;LZmin_20000
2024-10-14;15:11:40;;;PAUSE;;;;;;;;;;;;;;;;;;;;;;;;;;;;;;;;;;
2024-10-14;15:11:41;;;PAUSE;;;;;;;;;;;;;;;;;;;;;;;;;;;;;;;;;;
2024-10-14;15:11:42;;;PAUSE;;;;;;;;;;;;;;;;;;;;;;;;;;;;;;;;;;
2024-10-14;15:11:43;51.2;51.7;START;59.7;60.2;0.0;0.0;0.0;0.0;0.0;0.0;0.0;0.0;0.0;0.0;0.0;0.0;0.0;0.0;0.0;0.0;0.0;0.0;0.0;0.0;0.0;0.0;0.0;0.0;0.0;0.0;0.0;0.0;0.0;0.0;0.0;0.0;0.0;0.0;0.0;0.0;0.0;0.0;0.0;0.0;0.0;0.0;0.0;0.0;0.0;0.0;0.0;0.0;0.0;0.0;0.0;0.0;0.0;0.0;0.0;0.0;0.0;0.0;0.0;0.0;0.0;0.0;0.0;0.0
2024-10-14;15:11:44;;;PAUSE;;;;;;;;;;;;;;;;;;;;;;;;;;;;;;;;;;;;;;;;;;;;;;;;;;;;;;;;;;;;;;;;;;
2024-10-14;15:11:45;;;PAUSE;;;;;;;;;;;;;;;;;;;;;;;;;;;;;;;;;;;;;;;;;;;;;;;;;;;;;;;;;;;;;;;;;;
2024-10-14;15:11:46;;;PAUSE;;;;;;;;;;;;;;;;;;;;;;;;;;;;;;;;;;;;;;;;;;;;;;;;;;;;;;;;;;;;;;;;;;
2024-10-14;15:11:47;51.0;50.2;;59.4;58.0;29.5;32.7;42.4;42.9;46.9;45.2;47.7;48.2;47.2;46.0;49.5;44.5;45.2;44.3;43.2;45.0;42.0;38.6;39.5;37.6;37.6;37.3;36.0;31.7;30.5;28.6;29.2;36.0;37.5;25.7;29.8;24.4;29.5;32.7;42.4;42.9;46.9;45.2;47.7;48.2;47.2;46.0;49.5;44.5;45.2;44.3;43.2;45.0;42.0;38.6;39.5;37.6;37.6;37.3;36.0;31.7;30.5;28.6;29.2;36.0;37.5;25.7;29.8;24.4
2024-10-14;15:11:48;51.0;51.0;;59.1;58.5;35.1;35.5;40.1;46.3;47.9;46.6;47.6;45.9;46.5;50.2;47.0;45.5;45.2;42.9;43.6;45.4;43.4;40.2;40.9;38.8;38.0;36.4;34.9;32.4;32.2;34.2;39.2;38.6;31.5;26.7;30.9;24.4;29.5;32.7;40.1;42.9;46.9;45.2;47.6;45.9;46.5;46.0;47.0;44.5;45.2;42.9;43.2;45.0;42.0;38.6;39.5;37.6;37.6;36.4;34.9;31.7;30.5;28.6;29.2;36.0;31.5;25.7;29.8;24.4
2024-10-14;15:11:49;51.3;52.2;;59.0;58.4;38.1;39.0;43.9;41.9;48.6;45.7;48.5;46.3;45.1;45.9;45.1;46.3;43.2;42.1;45.9;45.8;43.7;40.6;40.1;40.1;38.8;39.3;39.3;36.2;41.0;34.5;35.5;37.0;38.4;38.2;43.5;37.9;29.5;32.7;40.1;41.9;46.9;45.2;47.6;45.9;45.1;45.9;45.1;44.5;43.2;42.1;43.2;45.0;42.0;38.6;39.5;37.6;37.6;36.4;34.9;31.7;30.5;28.6;29.2;36.0;31.5;25.7;29.8;24.4
2024-10-14;15:11:50;51.2;50.4;;59.1;59.5;41.8;43.0;49.9;46.9;51.6;49.4;51.1;48.3;43.1;47.1;44.2;45.1;43.6;40.7;44.1;43.5;41.3;39.7;39.2;36.9;35.2;38.2;35.7;34.7;41.6;33.5;33.3;33.2;33.3;29.3;33.4;27.0;29.5;32.7;40.1;41.9;46.9;45.2;47.6;45.9;43.1;45.9;44.2;44.5;43.2;40.7;43.2;43.5;41.3;38.6;39.2;36.9;35.2;36.4;34.9;31.7;30.5;28.6;29.2;33.2;31.5;25.7;29.8;24.4
2024-10-14;15:11:51;51.0;49.7;;58.9;58.3;33.6;39.0;40.2;47.5;49.8;51.7;46.7;46.1;45.1;45.9;44.1;44.3;41.7;40.5;44.3;42.3;41.7;40.4;37.3;36.4;36.7;37.8;33.8;35.7;38.6;32.3;32.4;33.2;33.7;28.6;32.2;24.8;29.5;32.7;40.1;41.9;46.9;45.2;46.7;45.9;43.1;45.9;44.1;44.3;41.7;40.5;43.2;42.3;41.3;38.6;37.3;36.4;35.2;36.4;33.8;31.7;30.5;28.6;29.2;33.2;31.5;25.7;29.8;24.4
2024-10-14;15:11:52;50.8;49.4;;58.9;58.6;32.3;40.3;43.7;44.7;49.8;51.5;51.2;45.8;44.1;46.2;44.0;44.4;42.0;40.5;42.3;43.2;42.0;39.4;37.6;37.3;38.3;35.1;34.9;33.9;33.5;33.0;33.1;33.3;34.1;29.1;32.4;25.1;29.5;32.7;40.1;41.9;46.9;45.2;46.7;45.8;43.1;45.9;44.0;44.3;41.7;40.5;42.3;42.3;41.3;38.6;37.3;36.4;35.2;35.1;33.8;31.7;30.5;28.6;29.2;33.2;31.5;25.7;29.8;24.4
2024-10-14;15:11:53;50.6;48.8;;58.7;56.8;39.6;37.7;43.3;40.9;45.0;48.8;46.9;46.2;41.8;45.7;44.2;46.0;41.7;39.9;42.2;41.7;41.0;39.6;37.2;36.7;35.2;34.8;33.6;31.0;30.9;30.6;35.7;37.5;35.8;28.3;32.6;27.6;29.5;32.7;40.1;40.9;45.0;45.2;46.7;45.8;41.8;45.7;44.0;44.3;41.7;39.9;42.2;41.7;41.0;38.6;37.2;36.4;35.2;34.8;33.6;31.0;30.5;28.6;29.2;33.2;31.5;25.7;29.8;24.4
2024-10-14;15:11:54;50.5;49.6;;58.6;57.4;35.6;36.6;41.1;43.0;48.8;45.8;49.4;46.3;45.9;44.9;44.3;45.2;41.0;40.8;41.7;42.5;40.6;40.0;37.6;38.1;36.8;35.5;34.2;32.1;32.5;36.4;38.1;39.2;36.3;29.8;33.1;25.2;29.5;32.7;40.1;40.9;45.0;45.2;46.7;45.8;41.8;44.9;44.0;44.3;41.0;39.9;41.7;41.7;40.6;38.6;37.2;36.4;35.2;34.8;33.6;31.0;30.5;28.6;29.2;33.2;31.5;25.7;29.8;24.4
2024-10-14;15:11:55;50.5;50.4;;58.5;57.4;30.1;31.9;41.4;41.1;47.0;47.7;47.8;43.3;45.5;47.2;44.2;46.6;42.8;42.4;42.0;44.8;42.4;41.2;38.5;40.0;38.2;37.0;36.2;32.2;31.6;31.6;34.7;35.2;36.1;30.8;34.4;26.1;29.5;31.9;40.1;40.9;45.0;45.2;46.7;43.3;41.8;44.9;44.0;44.3;41.0;39.9;41.7;41.7;40.6;38.6;37.2;36.4;35.2;34.8;33.6;31.0;30.5;28.6;29.2;33.2;31.5;25.7;29.8;24.4
2024-10-14;15:11:56;50.5;50.4;;58.4;58.2;31.9;34.7;39.9;44.4;48.0;51.2;50.0;44.8;44.6;44.4;45.1;45.2;44.1;41.6;43.5;44.5;41.5;41.2;38.8;37.9;37.6;37.4;35.8;34.1;35.6;33.3;35.3;37.8;37.1;32.3;34.9;27.4;29.5;31.9;39.9;40.9;45.0;45.2;46.7;43.3;41.8;44.4;44.0;44.3;41.0;39.9;41.7;41.7;40.6;38.6;37.2;36.4;35.2;34.8;33.6;31.0;30.5;28.6;29.2;33.2;31.5;25.7;29.8;24.4
2024-10-14;15:11:57;50.6;51.7;;58.4;58.4;35.0;40.6;39.7;47.5;48.3;48.6;49.3;44.8;42.4;45.8;44.1;47.3;43.1;42.7;45.6;45.3;43.5;41.7;42.3;39.6;39.4;39.5;37.0;35.4;34.6;34.8;34.7;35.7;35.9;31.3;34.5;27.2;29.5;31.9;39.7;40.9;45.0;45.2;46.7;43.3;41.8;44.4;44.0;44.3;41.0;39.9;41.7;41.7;40.6;38.6;37.2;36.4;35.2;34.8;33.6;31.0;30.5;28.6;29.2;33.2;31.5;25.7;29.8;24.4
2024-10-14;15:11:58;50.7;51.9;;58.5;59.3;33.2;37.1;42.3;45.7;49.0;49.9;52.2;48.1;47.9;46.6;45.3;45.4;42.0;40.8;43.7;44.3;42.9;41.9;42.6;40.4;39.7;39.5;37.9;35.8;34.6;38.7;41.0;35.6;35.1;30.6;34.0;26.2;29.5;31.9;39.7;40.9;45.0;45.2;46.7;43.3;41.8;44.4;44.0;44.3;41.0;39.9;41.7;41.7;40.6;38.6;37.2;36.4;35.2;34.8;33.6;31.0;30.5;28.6;29.2;33.2;31.5;25.7;29.8;24.4
2024-10-14;15:11:59;50.8;52.3;;58.6;59.6;34.4;40.7;41.8;43.3;51.0;53.9;48.4;47.7;45.5;47.8;44.2;43.5;43.0;40.6;43.6;44.7;41.7;41.2;43.0;41.3;38.9;38.3;39.3;35.6;37.2;39.6;42.0;40.1;40.3;31.2;35.0;27.7;29.5;31.9;39.7;40.9;45.0;45.2;46.7;43.3;41.8;44.4;44.0;43.5;41.0;39.9;41.7;41.7;40.6;38.6;37.2;36.4;35.2;34.8;33.6;31.0;30.5;28.6;29.2;33.2;31.5;25.7;29.8;24.4
2024-10-14;15:12:00;51.2;54.7;;58.6;58.7;34.1;37.1;43.9;43.3;50.0;47.1;46.5;44.2;43.6;44.9;45.9;42.7;42.6;43.0;42.8;41.8;41.4;41.6;43.0;40.4;39.7;39.9;39.8;38.7;45.8;45.0;46.7;44.5;44.7;38.2;37.2;29.9;29.5;31.9;39.7;40.9;45.0;45.2;46.5;43.3;41.8;44.4;44.0;42.7;41.0;39.9;41.7;41.7;40.6;38.6;37.2;36.4;35.2;34.8;33.6;31.0;30.5;28.6;29.2;33.2;31.5;25.7;29.8;24.4
2024-10-14;15:12:01;51.2;50.8;;58.6;58.9;34.4;38.5;43.9;48.8;52.6;47.4;48.6;47.0;41.5;46.0;45.0;45.8;44.3;43.1;43.4;43.0;41.6;39.9;39.6;39.1;37.9;36.2;35.3;34.8;38.6;37.8;37.8;37.8;38.0;33.0;37.7;30.8;29.5;31.9;39.7;40.9;45.0;45.2;46.5;43.3;41.5;44.4;44.0;42.7;41.0;39.9;41.7;41.7;40.6;38.6;37.2;36.4;35.2;34.8;33.6;31.0;30.5;28.6;29.2;33.2;31.5;25.7;29.8;24.4
2024-10-14;15:12:02;51.1;50.7;;58.6;57.7;33.8;37.9;41.3;46.1;48.1;48.2;48.0;46.0;43.4;45.9;42.8;44.6;43.1;44.1;44.4;40.7;42.1;40.5;39.0;38.7;36.6;36.3;36.8;34.2;35.5;39.5;38.6;37.1;38.6;32.8;36.5;29.3;29.5;31.9;39.7;40.9;45.0;45.2;46.5;43.3;41.5;44.4;42.8;42.7;41.0;39.9;41.7;40.7;40.6;38.6;37.2;36.4;35.2;34.8;33.6;31.0;30.5;28.6;29.2;33.2;31.5;25.7;29.8;24.4
2024-10-14;15:12:03;51.1;50.2;;58.6;59.1;37.8;39.4;44.2;47.7;48.7;50.2;51.4;48.3;45.9;48.2;44.2;45.4;43.1;42.6;43.8;41.4;43.4;41.8;38.6;37.4;35.7;35.7;35.1;36.4;33.0;34.5;36.5;36.1;35.8;31.7;36.0;29.6;29.5;31.9;39.7;40.9;45.0;45.2;46.5;43.3;41.5;44.4;42.8;42.7;41.0;39.9;41.7;40.7;40.6;38.6;37.2;36.4;35.2;34.8;33.6;31.0;30.5;28.6;29.2;33.2;31.5;25.7;29.8;24.4
2024-10-14;15:12:04;51.1;51.5;;59.9;67.2;48.9;57.2;55.6;56.5;60.4;58.7;59.1;57.2;53.2;51.1;46.7;45.5;44.5;43.3;45.4;43.2;44.1;42.3;40.3;41.2;38.0;36.8;34.9;34.3;34.2;36.0;34.3;35.3;36.2;32.2;36.2;30.1;29.5;31.9;39.7;40.9;45.0;45.2;46.5;43.3;41.5;44.4;42.8;42.7;41.0;39.9;41.7;40.7;40.6;38.6;37.2;36.4;35.2;34.8;33.6;31.0;30.5;28.6;29.2;33.2;31.5;25.7;29.8;24.4
2024-10-14;15:12:05;51.1;50.7;;60.0;60.4;40.8;42.1;44.0;46.9;50.7;52.8;53.1;51.1;45.9;47.3;45.8;44.2;43.0;44.5;43.6;44.6;43.9;41.0;38.9;37.8;37.1;35.9;33.6;33.2;31.8;31.5;33.5;39.9;39.9;33.3;36.2;29.7;29.5;31.9;39.7;40.9;45.0;45.2;46.5;43.3;41.5;44.4;42.8;42.7;41.0;39.9;41.7;40.7;40.6;38.6;37.2;36.4;35.2;34.8;33.6;31.0;30.5;28.6;29.2;33.2;31.5;25.7;29.8;24.4
2024-10-14;15:12:06;51.1;50.8;;60.2;63.8;44.1;48.7;49.5;55.4;56.6;55.9;56.8;49.6;49.6;47.7;46.1;46.3;44.4;46.0;45.2;43.6;43.2;39.5;37.5;36.1;35.5;34.7;33.4;32.6;31.3;33.4;37.8;42.4;38.2;32.4;36.5;29.6;29.5;31.9;39.7;40.9;45.0;45.2;46.5;43.3;41.5;44.4;42.8;42.7;41.0;39.9;41.7;40.7;40.6;38.6;37.2;36.1;35.2;34.7;33.4;31.0;30.5;28.6;29.2;33.2;31.5;25.7;29.8;24.4
2024-10-14;15:12:07;51.1;51.3;;60.1;58.2;36.2;33.1;40.9;44.2;45.9;49.2;48.1;46.3;46.3;47.1;45.2;46.1;42.7;44.0;45.1;44.1;44.3;39.4;39.4;36.9;36.0;34.6;33.8;33.8;36.6;41.8;39.5;37.7;39.5;34.0;37.8;30.5;29.5;31.9;39.7;40.9;45.0;45.2;46.5;43.3;41.5;44.4;42.8;42.7;41.0;39.9;41.7;40.7;40.6;38.6;37.2;36.1;35.2;34.6;33.4;31.0;30.5;28.6;29.2;33.2;31.5;25.7;29.8;24.4
2024-10-14;15:12:08;51.2;52.7;;60.1;58.4;32.6;39.6;41.8;44.7;46.7;50.7;45.6;41.6;44.0;44.8;46.2;46.4;44.6;42.8;47.4;43.8;44.1;41.4;42.2;40.3;36.2;33.7;33.6;32.8;38.9;40.2;46.0;37.2;37.6;34.1;38.5;31.8;29.5;31.9;39.7;40.9;45.0;45.2;45.6;41.6;41.5;44.4;42.8;42.7;41.0;39.9;41.7;40.7;40.6;38.6;37.2;36.1;35.2;33.7;33.4;31.0;30.5;28.6;29.2;33.2;31.5;25.7;29.8;24.4
2024-10-14;15:12:09;51.2;51.3;;60.0;58.1;35.9;40.6;47.4;43.3;48.6;46.6;47.1;44.4;45.9;47.4;44.2;45.1;44.1;40.6;44.5;43.9;43.4;41.8;40.4;39.6;38.7;35.9;35.5;34.7;35.3;37.0;41.5;36.0;37.6;33.0;37.6;31.2;29.5;31.9;39.7;40.9;45.0;45.2;45.6;41.6;41.5;44.4;42.8;42.7;41.0;39.9;41.7;40.7;40.6;38.6;37.2;36.1;35.2;33.7;33.4;31.0;30.5;28.6;29.2;33.2;31.5;25.7;29.8;24.4
2024-10-14;15:12:10;51.2;51.6;;60.0;59.4;39.1;40.4;51.1;42.5;50.3;50.3;48.4;46.5;45.9;45.8;43.7;47.7;45.6;41.4;43.4;43.1;43.1;43.1;41.0;40.6;38.4;36.2;35.4;35.1;40.8;37.3;34.9;37.3;38.5;33.7;37.9;31.2;29.5;31.9;39.7;40.9;45.0;45.2;45.6;41.6;41.5;44.4;42.8;42.7;41.0;39.9;41.7;40.7;40.6;38.6;37.2;36.1;35.2;33.7;33.4;31.0;30.5;28.6;29.2;33.2;31.5;25.7;29.8;24.4
2024-10-14;15:12:11;51.2;52.2;;60.0;59.0;31.8;33.5;41.4;43.4;48.6;49.5;49.7;47.1;47.2;45.7;46.2;48.1;44.8;41.6;44.9;44.0;44.1;44.1;42.5;40.5;38.8;36.0;35.4;34.9;34.9;35.8;37.6;40.9;41.1;35.0;38.8;31.9;29.5;31.9;39.7;40.9;45.0;45.2;45.6;41.6;41.5;44.4;42.8;42.7;41.0;39.9;41.7;40.7;40.6;38.6;37.2;36.1;35.2;33.7;33.4;31.0;30.5;28.6;29.2;33.2;31.5;25.7;29.8;24.4
2024-10-14;15:12:12;51.2;51.1;;59.9;59.2;27.9;35.4;42.0;43.8;49.6;50.1;49.2;50.4;47.3;46.1;47.1;46.6;45.9;42.0;44.6;44.2;43.4;42.4;41.1;37.0;37.0;34.3;34.5;34.0;32.8;35.6;36.3;38.8;39.5;35.3;38.9;31.7;27.9;31.9;39.7;40.9;45.0;45.2;45.6;41.6;41.5;44.4;42.8;42.7;41.0;39.9;41.7;40.7;40.6;38.6;37.2;36.1;35.2;33.7;33.4;31.0;30.5;28.6;29.2;33.2;31.5;25.7;29.8;24.4
2024-10-14;15:12:13;51.2;50.3;;59.9;58.8;33.5;37.1;41.9;45.3;50.3;48.9;46.0;49.8;47.6;48.0;44.8;46.5;45.5;43.3;43.5;43.4;43.5;41.5;39.6;35.8;35.9;34.1;33.2;32.2;31.7;32.3;35.9;37.8;38.6;33.8;38.3;31.5;27.9;31.9;39.7;40.9;45.0;45.2;45.6;41.6;41.5;44.4;42.8;42.7;41.0;39.9;41.7;40.7;40.6;38.6;37.2;35.8;35.2;33.7;33.2;31.0;30.5;28.6;29.2;33.2;31.5;25.7;29.8;24.4
2024-10-14;15:12:14;51.2;49.6;;59.8;58.1;32.1;40.2;38.0;42.5;49.4;46.9;47.5;47.2;47.4;47.3;44.4;48.0;44.5;42.1;43.9;42.0;43.0;39.8;38.6;36.0;35.2;33.2;33.1;31.1;31.4;31.9;33.6;37.2;38.6;34.4;38.9;33.8;27.9;31.9;38.0;40.9;45.0;45.2;45.6;41.6;41.5;44.4;42.8;42.7;41.0;39.9;41.7;40.7;40.6;38.6;37.2;35.8;35.2;33.2;33.1;31.0;30.5;28.6;29.2;33.2;31.5;25.7;29.8;24.4
2024-10-14;15:12:15;51.1;49.7;;59.8;58.0;28.5;37.5;39.2;41.9;50.9;45.0;48.8;44.0;46.7;47.8;45.9;45.8;43.8;42.1;42.8;43.5;42.6;40.4;39.0;36.0;34.8;34.1;32.7;32.6;32.1;32.8;34.3;36.9;38.3;34.7;38.6;31.9;27.9;31.9;38.0;40.9;45.0;45.0;45.6;41.6;41.5;44.4;42.8;42.7;41.0;39.9;41.7;40.7;40.6;38.6;37.2;35.8;34.8;33.2;32.7;31.0;30.5;28.6;29.2;33.2;31.5;25.7;29.8;24.4
2024-10-14;15:12:16;51.1;49.3;;59.8;58.4;30.7;35.1;42.6;43.8;49.6;48.7;48.9;48.8;47.2;45.6;44.4;47.0;43.5;43.0;43.0;42.5;42.3;38.9;38.2;36.0;34.8;33.8;33.1;31.9;31.7;32.0;33.5;36.6;38.1;33.9;38.5;31.7;27.9;31.9;38.0;40.9;45.0;45.0;45.6;41.6;41.5;44.4;42.8;42.7;41.0;39.9;41.7;40.7;40.6;38.6;37.2;35.8;34.8;33.2;32.7;31.0;30.5;28.6;29.2;33.2;31.5;25.7;29.8;24.4
2024-10-14;15:12:17;51.1;51.9;;59.9;63.2;46.2;48.3;52.9;50.7;56.7;52.1;54.5;52.3;51.5;49.5;47.2;44.2;44.1;43.8;45.4;46.0;44.2;42.7;40.2;38.1;36.5;35.5;35.0;33.7;33.4;34.3;38.0;42.8;41.8;35.8;40.0;32.8;27.9;31.9;38.0;40.9;45.0;45.0;45.6;41.6;41.5;44.4;42.8;42.7;41.0;39.9;41.7;40.7;40.6;38.6;37.2;35.8;34.8;33.2;32.7;31.0;30.5;28.6;29.2;33.2;31.5;25.7;29.8;24.4
2024-10-14;15:12:18;51.2;52.5;;60.0;60.6;38.7;43.9;47.1;50.2;50.3;48.8;50.5;49.8;48.4;48.9;48.2;47.7;44.3;45.3;45.3;45.0;47.8;42.7;40.4;40.7;36.2;35.8;34.7;33.6;34.2;35.9;38.1;40.4;41.4;38.3;42.1;35.1;27.9;31.9;38.0;40.9;45.0;45.0;45.6;41.6;41.5;44.4;42.8;42.7;41.0;39.9;41.7;40.7;40.6;38.6;37.2;35.8;34.8;33.2;32.7;31.0;30.5;28.6;29.2;33.2;31.5;25.7;29.8;24.4
2024-10-14;15:12:19;51.3;54.3;;61.5;72.2;55.7;56.1;66.2;61.2;62.4;59.7;64.0;63.2;59.9;61.0;53.6;49.1;47.9;47.4;46.0;44.6;44.3;42.2;41.7;39.8;38.9;37.9;37.3;36.9;37.3;38.1;38.9;41.9;43.2;39.2;44.0;38.2;27.9;31.9;38.0;40.9;45.0;45.0;45.6;41.6;41.5;44.4;42.8;42.7;41.0;39.9;41.7;40.7;40.6;38.6;37.2;35.8;34.8;33.2;32.7;31.0;30.5;28.6;29.2;33.2;31.5;25.7;29.8;24.4
2024-10-14;15:12:20;51.5;56.0;;64.1;75.9;56.4;55.3;54.8;63.2;69.3;67.3;69.7;68.1;62.2;63.0;60.9;55.9;51.2;46.4;46.0;44.9;44.2;42.9;40.0;38.7;37.5;37.3;36.8;36.7;36.1;36.6;37.4;41.1;42.0;38.4;43.0;36.8;27.9;31.9;38.0;40.9;45.0;45.0;45.6;41.6;41.5;44.4;42.8;42.7;41.0;39.9;41.7;40.7;40.6;38.6;37.2;35.8;34.8;33.2;32.7;31.0;30.5;28.6;29.2;33.2;31.5;25.7;29.8;24.4
2024-10-14;15:12:21;51.8;56.6;;65.3;75.3;52.0;54.5;62.1;61.7;69.2;66.8;67.5;65.2;64.8;64.0;62.1;58.5;51.5;46.8;46.2;45.6;44.1;42.6;40.8;39.6;38.8;37.6;36.5;36.1;35.1;35.5;36.7;39.9;41.9;38.0;42.7;35.5;27.9;31.9;38.0;40.9;45.0;45.0;45.6;41.6;41.5;44.4;42.8;42.7;41.0;39.9;41.7;40.7;40.6;38.6;37.2;35.8;34.8;33.2;32.7;31.0;30.5;28.6;29.2;33.2;31.5;25.7;29.8;24.4
2024-10-14;15:12:22;52.0;56.4;;66.1;74.4;55.5;59.8;54.9;56.8;64.0;64.8;70.0;66.7;62.7;63.8;58.2;55.1;49.8;47.0;46.7;46.4;44.7;45.6;44.1;42.2;41.6;40.1;37.1;36.3;36.1;36.5;37.9;41.1;42.6;40.3;45.1;44.2;27.9;31.9;38.0;40.9;45.0;45.0;45.6;41.6;41.5;44.4;42.8;42.7;41.0;39.9;41.7;40.7;40.6;38.6;37.2;35.8;34.8;33.2;32.7;31.0;30.5;28.6;29.2;33.2;31.5;25.7;29.8;24.4
2024-10-14;15:12:23;52.0;53.0;;66.1;66.6;43.6;43.9;56.9;53.4;58.9;61.7;56.3;50.9;55.4;53.0;50.6;48.2;46.4;46.8;45.7;47.0;43.2;41.0;40.3;39.6;38.1;36.6;36.8;36.2;35.0;36.8;38.9;42.8;43.6;37.7;42.4;36.0;27.9;31.9;38.0;40.9;45.0;45.0;45.6;41.6;41.5;44.4;42.8;42.7;41.0;39.9;41.7;40.7;40.6;38.6;37.2;35.8;34.8;33.2;32.7;31.0;30.5;28.6;29.2;33.2;31.5;25.7;29.8;24.4
2024-10-14;15:12:24;52.1;55.1;;66.1;64.3;47.5;44.3;53.9;55.1;59.2;54.3;53.5;50.5;49.1;47.4;46.5;44.6;42.4;42.3;43.9;45.5;42.9;40.1;39.8;38.5;38.4;37.1;34.9;38.9;47.9;46.6;44.3;45.4;47.2;35.9;40.1;33.2;27.9;31.9;38.0;40.9;45.0;45.0;45.6;41.6;41.5;44.4;42.8;42.7;41.0;39.9;41.7;40.7;40.6;38.6;37.2;35.8;34.8;33.2;32.7;31.0;30.5;28.6;29.2;33.2;31.5;25.7;29.8;24.4
2024-10-14;15:12:25;52.1;50.7;;66.1;64.9;44.8;49.4;56.8;57.5;56.0;55.3;56.4;53.5;52.5;49.4;46.6;44.8;43.1;42.6;44.4;44.6;42.3;39.3;39.1;38.6;37.3;34.7;35.8;34.9;35.6;34.4;36.3;36.2;38.1;34.5;38.6;31.3;27.9;31.9;38.0;40.9;45.0;45.0;45.6;41.6;41.5;44.4;42.8;42.7;41.0;39.9;41.7;40.7;40.6;38.6;37.2;35.8;34.8;33.2;32.7;31.0;30.5;28.6;29.2;33.2;31.5;25.7;29.8;24.4
2024-10-14;15:12:26;52.1;50.4;;66.0;62.9;43.3;46.2;52.9;52.8;57.4;54.4;53.6;49.3;44.7;47.2;46.5;45.8;44.1;43.1;47.5;43.5;42.7;39.9;38.6;37.0;35.9;33.8;33.1;33.0;33.7;33.4;34.2;37.1;38.3;34.5;37.9;30.3;27.9;31.9;38.0;40.9;45.0;45.0;45.6;41.6;41.5;44.4;42.8;42.7;41.0;39.9;41.7;40.7;40.6;38.6;37.2;35.8;34.8;33.2;32.7;31.0;30.5;28.6;29.2;33.2;31.5;25.7;29.8;24.4
2024-10-14;15:12:27;52.0;49.8;;65.9;60.9;44.0;45.2;48.2;52.3;54.1;52.5;50.7;45.7;46.7;48.8;45.7;44.6;43.1;43.1;45.2;43.8;42.1;39.7;36.7;38.8;36.9;34.4;32.0;31.6;31.2;30.8;33.4;36.0;37.4;34.7;38.3;31.5;27.9;31.9;38.0;40.9;45.0;45.0;45.6;41.6;41.5;44.4;42.8;42.7;41.0;39.9;41.7;40.7;40.6;38.6;36.7;35.8;34.8;33.2;32.0;31.0;30.5;28.6;29.2;33.2;31.5;25.7;29.8;24.4
2024-10-14;15:12:28;52.0;49.3;;65.9;59.1;44.1;43.6;45.4;44.1;51.9;51.8;50.1;46.2;44.9;44.4;43.8;45.2;41.5;42.0;44.0;43.2;41.3;38.0;37.2;35.4;37.8;34.0;33.3;33.4;33.4;32.3;32.7;35.2;37.4;34.9;38.9;32.2;27.9;31.9;38.0;40.9;45.0;45.0;45.6;41.6;41.5;44.4;42.8;42.7;41.0;39.9;41.7;40.7;40.6;38.0;36.7;35.4;34.8;33.2;32.0;31.0;30.5;28.6;29.2;33.2;31.5;25.7;29.8;24.4
2024-10-14;15:12:29;52.0;49.5;;65.8;58.4;38.7;43.1;47.3;41.5;48.0;49.6;47.8;45.2;45.0;50.2;45.8;44.3;42.4;42.6;43.8;43.8;41.5;38.4;37.0;36.7;37.1;33.5;33.9;32.9;32.2;31.8;32.8;35.9;38.1;35.1;39.1;31.6;27.9;31.9;38.0;40.9;45.0;45.0;45.6;41.6;41.5;44.4;42.8;42.7;41.0;39.9;41.7;40.7;40.6;38.0;36.7;35.4;34.8;33.2;32.0;31.0;30.5;28.6;29.2;33.2;31.5;25.7;29.8;24.4
2024-10-14;15:12:30;52.0;53.2;;65.7;59.0;36.5;42.6;42.7;44.5;47.2;45.6;45.4;46.1;46.4;49.3;46.9;46.7;43.9;44.3;45.2;50.0;45.8;42.7;43.3;39.3;43.8;37.0;36.5;34.7;32.6;32.0;33.7;36.6;37.1;33.7;38.0;30.3;27.9;31.9;38.0;40.9;45.0;45.0;45.4;41.6;41.5;44.4;42.8;42.7;41.0;39.9;41.7;40.7;40.6;38.0;36.7;35.4;34.8;33.2;32.0;31.0;30.5;28.6;29.2;33.2;31.5;25.7;29.8;24.4
2024-10-14;15:12:31;52.0;51.0;;65.6;58.1;34.1;36.7;38.5;41.1;43.9;46.0;48.6;44.4;47.4;48.5;47.1;46.9;43.4;46.4;45.2;46.1;43.2;42.5;39.8;37.6;37.5;35.2;34.3;33.0;32.3;32.2;33.2;35.3;36.6;33.7;38.1;30.2;27.9;31.9;38.0;40.9;43.9;45.0;45.4;41.6;41.5;44.4;42.8;42.7;41.0;39.9;41.7;40.7;40.6;38.0;36.7;35.4;34.8;33.2;32.0;31.0;30.5;28.6;29.2;33.2;31.5;25.7;29.8;24.4
2024-10-14;15:12:32;51.9;50.5;;65.6;57.8;36.0;42.5;42.4;44.5;45.1;45.7;46.7;44.9;46.9;47.4;45.4;45.9;45.4;44.8;45.8;45.1;42.7;40.7;38.2;38.6;37.7;34.6;34.2;31.4;30.4;30.3;32.0;34.3;36.1;33.8;38.8;31.6;27.9;31.9;38.0;40.9;43.9;45.0;45.4;41.6;41.5;44.4;42.8;42.7;41.0;39.9;41.7;40.7;40.6;38.0;36.7;35.4;34.8;33.2;32.0;31.0;30.4;28.6;29.2;33.2;31.5;25.7;29.8;24.4
2024-10-14;15:12:33;51.9;50.6;;65.5;58.5;39.2;43.4;45.4;47.8;49.2;45.6;46.1;47.2;46.9;46.5;46.0;46.0;44.9;45.3;45.1;43.4;42.8;41.1;38.4;37.6;38.6;37.1;35.9;34.4;34.5;32.4;32.2;33.9;35.2;32.8;38.3;31.0;27.9;31.9;38.0;40.9;43.9;45.0;45.4;41.6;41.5;44.4;42.8;42.7;41.0;39.9;41.7;40.7;40.6;38.0;36.7;35.4;34.8;33.2;32.0;31.0;30.4;28.6;29.2;33.2;31.5;25.7;29.8;24.4
2024-10-14;15:12:34;51.9;50.2;;65.4;58.6;38.9;44.2;41.3;45.1;46.7;47.0;49.5;48.2;45.9;48.4;45.6;44.9;43.0;42.6;45.4;43.1;42.2;40.3;36.0;35.2;34.8;33.0;31.7;32.1;31.7;32.7;32.6;36.7;40.5;42.2;46.0;38.7;27.9;31.9;38.0;40.9;43.9;45.0;45.4;41.6;41.5;44.4;42.8;42.7;41.0;39.9;41.7;40.7;40.6;38.0;36.0;35.2;34.8;33.0;31.7;31.0;30.4;28.6;29.2;33.2;31.5;25.7;29.8;24.4
2024-10-14;15:12:35;51.9;51.4;;65.3;59.5;37.3;41.5;41.2;47.9;52.9;49.8;51.2;46.9;44.2;46.7;43.1;44.0;45.5;42.2;43.4;44.7;42.3;42.8;38.3;36.7;36.5;35.3;34.8;38.4;40.6;39.2;36.1;39.4;39.7;32.7;37.2;30.6;27.9;31.9;38.0;40.9;43.9;45.0;45.4;41.6;41.5;44.4;42.8;42.7;41.0;39.9;41.7;40.7;40.6;38.0;36.0;35.2;34.8;33.0;31.7;31.0;30.4;28.6;29.2;33.2;31.5;25.7;29.8;24.4
2024-10-14;15:12:36;51.9;51.7;;65.3;64.3;50.3;50.4;48.7;54.9;58.5;56.0;53.7;54.0;50.5;48.7;46.1;44.2;46.8;42.2;43.2;44.2;42.9;43.2;39.4;38.8;37.3;34.6;34.8;37.4;39.1;38.0;39.7;40.7;37.4;32.4;36.9;30.5;27.9;31.9;38.0;40.9;43.9;45.0;45.4;41.6;41.5;44.4;42.8;42.7;41.0;39.9;41.7;40.7;40.6;38.0;36.0;35.2;34.8;33.0;31.7;31.0;30.4;28.6;29.2;33.2;31.5;25.7;29.8;24.4
2024-10-14;15:12:37;51.8;49.6;;65.3;60.0;42.7;48.1;46.4;47.7;51.7;53.5;51.1;44.9;47.4;44.6;44.4;44.5;42.4;42.1;42.9;43.5;41.5;39.9;37.7;37.6;35.4;35.1;32.1;31.9;33.1;35.7;36.4;36.0;37.3;33.1;37.2;31.9;27.9;31.9;38.0;40.9;43.9;45.0;45.4;41.6;41.5;44.4;42.8;42.7;41.0;39.9;41.7;40.7;40.6;38.0;36.0;35.2;34.8;33.0;31.7;31.0;30.4;28.6;29.2;33.2;31.5;25.7;29.8;24.4
2024-10-14;15:12:38;51.8;52.0;;65.3;65.7;48.8;53.9;58.0;55.5;58.2;58.0;55.5;53.0;51.3;45.9;44.7;46.1;43.3;42.9;42.7;46.6;41.5;40.6;39.0;37.5;37.1;35.1;35.9;35.7;35.6;39.5;40.7;40.9;41.9;40.0;46.2;40.9;27.9;31.9;38.0;40.9;43.9;45.0;45.4;41.6;41.5;44.4;42.8;42.7;41.0;39.9;41.7;40.7;40.6;38.0;36.0;35.2;34.8;33.0;31.7;31.0;30.4;28.6;29.2;33.2;31.5;25.7;29.8;24.4
2024-10-14;15:12:39;51.9;52.5;;65.3;67.3;48.7;53.6;52.9;58.9;57.5;58.5;60.9;58.8;53.8;50.4;47.7;46.6;45.1;45.5;46.9;44.7;42.9;43.7;37.8;36.8;35.9;36.5;34.1;32.8;32.7;39.4;39.2;39.7;41.9;41.9;47.3;38.1;27.9;31.9;38.0;40.9;43.9;45.0;45.4;41.6;41.5;44.4;42.8;42.7;41.0;39.9;41.7;40.7;40.6;38.0;36.0;35.2;34.8;33.0;31.7;31.0;30.4;28.6;29.2;33.2;31.5;25.7;29.8;24.4
2024-10-14;15:12:40;51.8;50.0;;65.3;60.4;38.2;47.7;47.2;51.1;52.0;48.4;52.7;48.5;45.4;47.6;46.8;45.3;45.8;44.8;44.4;43.5;42.7;40.7;37.3;37.0;35.0;34.6;31.9;33.7;33.1;33.3;33.7;34.8;36.8;34.4;38.1;30.1;27.9;31.9;38.0;40.9;43.9;45.0;45.4;41.6;41.5;44.4;42.8;42.7;41.0;39.9;41.7;40.7;40.6;38.0;36.0;35.2;34.8;33.0;31.7;31.0;30.4;28.6;29.2;33.2;31.5;25.7;29.8;24.4
2024-10-14;15:12:41;;;STOP

