Description:  
Condition:  
Environment:  
Source:  
Weather:  
Feeling: Neither good, no bad 
Appropriate: Moderately 
Reason:  
Coordinates: No data, No data 
Calibration: 24 dBA 
Measure start: 2024-10-14 15:20:59 
Measure stop: 2024-10-14 15:21:58 
Duration: 00:00:59 
LAeq(t): 51.5 dBA 
Cloud: No 
===
Date;Time;LAeq(t);LAeq(1s);Marker;LZeq(t);LZeq(1s);LZeq_16;LZeq_20;LZeq_25;LZeq_31.5;LZeq_40;LZeq_50;LZeq_63;LZeq_80;LZeq_100;LZeq_125;LZeq_160;LZeq_200;LZeq_250;LZeq_315;LZeq_400;LZeq_500;LZeq_630;LZeq_800;LZeq_1000;LZeq_1250;LZeq_1600;LZeq_2000;LZeq_2500;LZeq_3150;LZeq_4000;LZeq_5000;LZeq_6300;LZeq_8000;LZeq_10000;LZeq_12500;LZeq_16000;LZeq_20000;LZmin_16;LZmin_20;LZmin_25;LZmin_31.5;LZmin_40;LZmin_50;LZmin_63;LZmin_80;LZmin_100;LZmin_125;LZmin_160;LZmin_200;LZmin_250;LZmin_315;LZmin_400;LZmin_500;LZmin_630;LZmin_800;LZmin_1000;LZmin_1250;LZmin_1600;LZmin_2000;LZmin_2500;LZmin_3150;LZmin_4000;LZmin_5000;LZmin_6300;LZmin_8000;LZmin_10000;LZmin_12500;LZmin_16000;LZmin_20000
2024-10-14;15:20:59;54.7;55.7;START;70.9;72.0;52.5;55.0;58.7;57.7;63.8;63.6;66.3;62.4;62.1;58.4;54.7;49.5;47.6;47.4;47.1;46.7;45.0;42.7;42.8;43.8;41.2;40.8;42.7;38.9;38.8;39.1;40.9;43.8;44.8;41.3;47.0;42.0;52.5;55.0;58.7;57.7;63.8;63.6;66.3;62.4;62.1;58.4;54.7;49.5;47.6;47.4;47.1;46.7;45.0;42.7;42.8;43.8;41.2;40.8;42.7;38.9;38.8;39.1;40.9;43.8;44.8;41.3;47.0;42.0
2024-10-14;15:21:00;54.8;54.9;;70.8;70.5;49.1;56.9;48.9;58.8;63.1;60.5;63.3;63.4;60.3;57.6;54.0;51.0;47.4;46.0;44.6;45.6;43.5;42.6;41.8;41.7;40.7;42.9;43.8;37.3;35.3;36.9;38.5;41.2;44.2;41.4;44.8;38.7;49.1;55.0;48.9;57.7;63.1;60.5;63.3;62.4;60.3;57.6;54.0;49.5;47.4;46.0;44.6;45.6;43.5;42.6;41.8;41.7;40.7;40.8;42.7;37.3;35.3;36.9;38.5;41.2;44.2;41.3;44.8;38.7
2024-10-14;15:21:01;54.1;51.8;;69.9;66.9;48.6;55.7;56.8;56.8;59.8;59.8;56.9;54.2;54.5;53.2;49.5;45.8;44.4;44.1;42.5;43.5;42.0;40.3;39.6;38.2;37.1;37.3;37.7;35.5;35.1;35.3;37.2;41.2;43.5;38.5;43.3;36.2;48.6;55.0;48.9;56.8;59.8;59.8;56.9;54.2;54.5;53.2;49.5;45.8;44.4;44.1;42.5;43.5;42.0;40.3;39.6;38.2;37.1;37.3;37.7;35.5;35.1;35.3;37.2;41.2;43.5;38.5;43.3;36.2
2024-10-14;15:21:02;53.7;51.6;;69.2;63.3;41.2;48.4;46.2;46.3;53.7;56.0;56.2;52.9;53.6;51.7;48.0;44.8;47.2;42.8;42.8;43.6;43.1;39.1;37.4;38.2;36.6;35.9;39.0;34.0;34.6;35.1;37.4;41.6;43.6;39.1;43.8;36.3;41.2;48.4;46.2;46.3;53.7;56.0;56.2;52.9;53.6;51.7;48.0;44.8;44.4;42.8;42.5;43.5;42.0;39.1;37.4;38.2;36.6;35.9;37.7;34.0;34.6;35.1;37.2;41.2;43.5;38.5;43.3;36.2
2024-10-14;15:21:03;53.4;51.7;;69.0;67.9;48.0;46.6;54.9;52.8;61.0;62.8;60.4;53.6;56.2;54.0;49.2;45.8;43.2;41.7;43.3;43.2;43.8;40.7;38.3;37.3;36.6;35.0;34.8;33.4;33.7;34.7;37.7;41.6;43.9;39.2;44.0;36.7;41.2;46.6;46.2;46.3;53.7;56.0;56.2;52.9;53.6;51.7;48.0;44.8;43.2;41.7;42.5;43.2;42.0;39.1;37.4;37.3;36.6;35.0;34.8;33.4;33.7;34.7;37.2;41.2;43.5;38.5;43.3;36.2
2024-10-14;15:21:04;53.2;52.3;;68.5;64.1;40.5;47.9;52.2;52.4;53.9;55.4;55.5;50.5;54.1;56.4;47.9;45.4;43.6;44.1;44.4;44.6;42.2;38.8;38.5;36.9;35.6;38.2;36.1;35.2;34.3;36.5;39.2;43.0;45.3;41.7;45.8;38.6;40.5;46.6;46.2;46.3;53.7;55.4;55.5;50.5;53.6;51.7;47.9;44.8;43.2;41.7;42.5;43.2;42.0;38.8;37.4;36.9;35.6;35.0;34.8;33.4;33.7;34.7;37.2;41.2;43.5;38.5;43.3;36.2
2024-10-14;15:21:05;53.1;52.2;;68.1;62.5;37.4;45.8;46.7;53.9;51.7;53.1;54.1;46.4;53.0;53.9;46.1;42.8;43.7;42.7;44.6;45.0;44.2;39.8;38.7;37.3;35.8;38.7;35.1;35.1;34.9;35.7;38.1;42.4;45.3;40.5;45.9;38.4;37.4;45.8;46.2;46.3;51.7;53.1;54.1;46.4;53.0;51.7;46.1;42.8;43.2;41.7;42.5;43.2;42.0;38.8;37.4;36.9;35.6;35.0;34.8;33.4;33.7;34.7;37.2;41.2;43.5;38.5;43.3;36.2
2024-10-14;15:21:06;53.0;51.7;;67.7;61.7;40.8;44.4;44.4;51.9;52.2;50.3;52.9;50.0;51.4;52.6;49.0;44.0;43.3;43.6;44.8;44.9;42.1;39.2;38.4;37.1;36.8;35.3;36.4;33.5;33.2;35.3;37.9;42.1;44.7;40.1;45.2;37.9;37.4;44.4;44.4;46.3;51.7;50.3;52.9;46.4;51.4;51.7;46.1;42.8;43.2;41.7;42.5;43.2;42.0;38.8;37.4;36.9;35.6;35.0;34.8;33.4;33.2;34.7;37.2;41.2;43.5;38.5;43.3;36.2
2024-10-14;15:21:07;52.8;51.2;;67.5;65.7;45.7;53.6;51.9;43.7;58.2;59.3;57.8;53.7;54.7;55.4;47.0;44.9;42.5;41.6;42.6;43.2;41.3;39.2;36.8;35.7;36.0;34.3;35.7;34.0;34.1;35.4;37.7;41.6;44.1;39.8;44.7;37.3;37.4;44.4;44.4;43.7;51.7;50.3;52.9;46.4;51.4;51.7;46.1;42.8;42.5;41.6;42.5;43.2;41.3;38.8;36.8;35.7;35.6;34.3;34.8;33.4;33.2;34.7;37.2;41.2;43.5;38.5;43.3;36.2
2024-10-14;15:21:08;52.8;52.4;;67.1;60.3;40.8;37.7;43.3;45.9;47.3;52.3;50.8;50.5;49.1;48.1;47.6;46.3;44.0;42.3;44.1;43.4;41.5;40.4;38.3;37.6;38.8;40.1;36.7;36.2;36.3;37.3;39.4;43.3;45.4;41.1;46.0;39.1;37.4;37.7;43.3;43.7;47.3;50.3;50.8;46.4;49.1;48.1;46.1;42.8;42.5;41.6;42.5;43.2;41.3;38.8;36.8;35.7;35.6;34.3;34.8;33.4;33.2;34.7;37.2;41.2;43.5;38.5;43.3;36.2
2024-10-14;15:21:09;52.8;52.7;;66.9;61.6;44.0;46.1;46.9;45.6;50.4;51.4;54.4;52.4;48.8;48.6;47.0;44.9;45.0;45.0;46.9;45.1;41.8;39.4;37.7;37.5;37.8;36.3;36.3;35.8;36.3;36.9;38.9;43.1;46.2;42.1;47.7;41.1;37.4;37.7;43.3;43.7;47.3;50.3;50.8;46.4;48.8;48.1;46.1;42.8;42.5;41.6;42.5;43.2;41.3;38.8;36.8;35.7;35.6;34.3;34.8;33.4;33.2;34.7;37.2;41.2;43.5;38.5;43.3;36.2
2024-10-14;15:21:10;52.7;52.2;;66.6;61.8;39.9;41.3;45.7;48.2;51.0;51.9;55.1;52.5;49.4;50.7;47.8;43.6;45.9;44.1;44.5;44.7;43.8;40.2;39.4;37.1;38.0;35.8;40.3;34.2;34.2;35.4;38.0;41.6;44.3;41.1;45.5;38.4;37.4;37.7;43.3;43.7;47.3;50.3;50.8;46.4;48.8;48.1;46.1;42.8;42.5;41.6;42.5;43.2;41.3;38.8;36.8;35.7;35.6;34.3;34.8;33.4;33.2;34.7;37.2;41.2;43.5;38.5;43.3;36.2
2024-10-14;15:21:11;52.6;51.0;;66.4;60.8;38.2;43.0;42.1;48.9;51.2;50.3;54.1;49.4;50.9;47.8;47.5;44.9;43.6;43.1;43.8;45.0;42.5;38.6;38.5;36.9;36.2;34.6;36.1;33.4;33.6;34.5;36.8;40.8;43.2;38.7;43.4;36.2;37.4;37.7;42.1;43.7;47.3;50.3;50.8;46.4;48.8;47.8;46.1;42.8;42.5;41.6;42.5;43.2;41.3;38.6;36.8;35.7;35.6;34.3;34.8;33.4;33.2;34.5;36.8;40.8;43.2;38.5;43.3;36.2
2024-10-14;15:21:12;52.5;50.4;;66.2;59.8;36.6;40.6;44.1;47.1;51.0;52.1;48.3;49.6;49.8;45.7;46.2;44.8;43.5;42.8;42.7;44.3;42.7;38.3;35.9;36.0;36.2;35.2;34.2;33.5;33.8;34.4;36.6;40.0;42.5;37.9;43.0;35.2;36.6;37.7;42.1;43.7;47.3;50.3;48.3;46.4;48.8;45.7;46.1;42.8;42.5;41.6;42.5;43.2;41.3;38.3;35.9;35.7;35.6;34.3;34.2;33.4;33.2;34.4;36.6;40.0;42.5;37.9;43.0;35.2
2024-10-14;15:21:13;52.4;50.0;;66.0;62.0;39.2;44.0;47.1;53.6;55.2;49.5;51.3;51.4;52.1;51.7;48.3;42.1;43.2;42.4;42.5;42.8;41.5;37.3;36.8;35.9;34.9;33.8;33.0;31.9;33.0;37.0;35.5;39.1;41.6;37.0;42.7;34.4;36.6;37.7;42.1;43.7;47.3;49.5;48.3;46.4;48.8;45.7;46.1;42.1;42.5;41.6;42.5;42.8;41.3;37.3;35.9;35.7;34.9;33.8;33.0;31.9;33.0;34.4;35.5;39.1;41.6;37.0;42.7;34.4
2024-10-14;15:21:14;52.3;50.3;;65.8;61.9;41.9;48.3;46.6;51.5;53.4;53.5;51.8;51.1;51.9;50.7;49.0;43.7;45.3;41.5;43.0;42.9;42.6;40.1;37.5;37.5;36.1;33.2;32.1;31.6;34.0;32.6;35.1;39.0;41.3;37.0;41.5;33.8;36.6;37.7;42.1;43.7;47.3;49.5;48.3;46.4;48.8;45.7;46.1;42.1;42.5;41.5;42.5;42.8;41.3;37.3;35.9;35.7;34.9;33.2;32.1;31.6;33.0;32.6;35.1;39.0;41.3;37.0;41.5;33.8
2024-10-14;15:21:15;52.2;50.4;;65.7;61.1;37.7;42.1;45.8;48.9;51.8;52.3;54.8;47.9;49.0;49.6;48.7;44.8;43.0;41.4;42.5;41.5;39.5;38.8;35.4;34.3;34.2;34.8;32.1;31.1;35.5;38.6;39.0;41.5;43.5;38.8;42.9;34.4;36.6;37.7;42.1;43.7;47.3;49.5;48.3;46.4;48.8;45.7;46.1;42.1;42.5;41.4;42.5;41.5;39.5;37.3;35.4;34.3;34.2;33.2;32.1;31.1;33.0;32.6;35.1;39.0;41.3;37.0;41.5;33.8
2024-10-14;15:21:16;52.2;51.8;;65.7;65.9;47.9;54.6;54.0;56.3;54.5;56.7;58.9;55.9;54.9;52.6;51.7;47.1;45.2;42.0;44.0;42.8;41.2;40.3;41.0;36.8;35.8;35.5;35.8;34.3;36.0;38.4;38.8;41.0;43.0;38.8;41.9;35.6;36.6;37.7;42.1;43.7;47.3;49.5;48.3;46.4;48.8;45.7;46.1;42.1;42.5;41.4;42.5;41.5;39.5;37.3;35.4;34.3;34.2;33.2;32.1;31.1;33.0;32.6;35.1;39.0;41.3;37.0;41.5;33.8
2024-10-14;15:21:17;52.1;50.1;;65.6;63.5;45.6;50.0;45.5;51.9;56.4;54.1;57.6;49.3;48.1;49.6;53.6;44.5;44.9;41.0;44.0;44.6;41.9;39.5;36.4;35.9;35.1;33.2;32.6;31.1;31.5;32.0;33.6;37.4;39.4;35.1;39.7;33.1;36.6;37.7;42.1;43.7;47.3;49.5;48.3;46.4;48.1;45.7;46.1;42.1;42.5;41.0;42.5;41.5;39.5;37.3;35.4;34.3;34.2;33.2;32.1;31.1;31.5;32.0;33.6;37.4;39.4;35.1;39.7;33.1
2024-10-14;15:21:18;52.0;50.4;;65.6;66.4;48.3;55.2;49.8;60.3;56.8;59.3;56.5;56.0;53.1;51.7;49.1;44.8;44.9;42.7;45.3;45.0;42.4;39.9;37.7;36.5;35.9;34.9;32.9;31.5;31.9;32.0;33.1;36.0;38.6;35.2;38.8;30.5;36.6;37.7;42.1;43.7;47.3;49.5;48.3;46.4;48.1;45.7;46.1;42.1;42.5;41.0;42.5;41.5;39.5;37.3;35.4;34.3;34.2;33.2;32.1;31.1;31.5;32.0;33.1;36.0;38.6;35.1;38.8;30.5
2024-10-14;15:21:19;52.0;52.0;;66.1;71.0;54.3;54.5;58.3;63.1;61.6;63.6;60.1;64.7;58.2;56.9;53.5;48.0;45.5;44.4;45.5;45.7;41.7;39.7;37.6;37.2;37.1;35.3;33.5;32.0;32.1;31.8;33.8;37.4;39.2;35.2;40.0;32.6;36.6;37.7;42.1;43.7;47.3;49.5;48.3;46.4;48.1;45.7;46.1;42.1;42.5;41.0;42.5;41.5;39.5;37.3;35.4;34.3;34.2;33.2;32.1;31.1;31.5;31.8;33.1;36.0;38.6;35.1;38.8;30.5
2024-10-14;15:21:20;52.0;50.4;;66.1;64.3;41.7;45.3;46.7;50.5;56.4;55.3;56.8;56.3;55.6;51.2;50.2;43.8;46.6;43.7;44.4;43.6;42.1;40.8;38.5;37.2;37.1;33.2;32.6;30.9;30.8;30.5;32.5;35.6;38.1;33.4;37.0;29.0;36.6;37.7;42.1;43.7;47.3;49.5;48.3;46.4;48.1;45.7;46.1;42.1;42.5;41.0;42.5;41.5;39.5;37.3;35.4;34.3;34.2;33.2;32.1;30.9;30.8;30.5;32.5;35.6;38.1;33.4;37.0;29.0
2024-10-14;15:21:21;51.9;49.6;;66.1;66.5;45.4;51.8;51.4;54.5;59.8;59.9;58.1;58.4;53.2;50.8;49.6;45.0;45.0;42.5;44.0;41.8;41.3;38.8;36.6;35.1;34.2;32.2;30.6;30.3;30.3;30.9;33.0;36.6;39.0;34.5;39.8;32.8;36.6;37.7;42.1;43.7;47.3;49.5;48.3;46.4;48.1;45.7;46.1;42.1;42.5;41.0;42.5;41.5;39.5;37.3;35.4;34.3;34.2;32.2;30.6;30.3;30.3;30.5;32.5;35.6;38.1;33.4;37.0;29.0
2024-10-14;15:21:22;51.9;50.8;;66.3;69.6;50.5;54.5;59.4;56.3;59.9;65.4;61.5;58.1;55.7;54.2;51.9;46.7;45.2;43.6;45.2;42.8;42.3;40.3;37.3;36.0;35.9;34.7;32.2;31.7;31.7;32.2;34.3;36.2;38.3;33.6;38.0;30.6;36.6;37.7;42.1;43.7;47.3;49.5;48.3;46.4;48.1;45.7;46.1;42.1;42.5;41.0;42.5;41.5;39.5;37.3;35.4;34.3;34.2;32.2;30.6;30.3;30.3;30.5;32.5;35.6;38.1;33.4;37.0;29.0
2024-10-14;15:21:23;51.9;52.4;;66.3;63.5;42.7;49.8;49.5;51.8;56.6;56.1;54.7;51.4;50.7;49.4;50.0;44.5;44.6;42.4;45.3;43.3;46.8;39.4;39.4;40.5;43.1;42.2;37.8;34.4;31.0;31.3;32.6;35.7;37.7;32.5;36.9;29.0;36.6;37.7;42.1;43.7;47.3;49.5;48.3;46.4;48.1;45.7;46.1;42.1;42.5;41.0;42.5;41.5;39.5;37.3;35.4;34.3;34.2;32.2;30.6;30.3;30.3;30.5;32.5;35.6;37.7;32.5;36.9;29.0
2024-10-14;15:21:24;52.0;54.0;;66.3;67.7;52.4;52.2;55.6;56.0;60.5;58.9;61.3;56.6;55.3;53.9;50.9;46.6;45.1;46.4;45.8;45.5;46.5;40.7;40.7;42.6;44.7;44.1;40.6;35.7;34.4;34.4;35.1;36.4;37.7;32.9;36.7;29.2;36.6;37.7;42.1;43.7;47.3;49.5;48.3;46.4;48.1;45.7;46.1;42.1;42.5;41.0;42.5;41.5;39.5;37.3;35.4;34.3;34.2;32.2;30.6;30.3;30.3;30.5;32.5;35.6;37.7;32.5;36.7;29.0
2024-10-14;15:21:25;52.1;54.8;;66.5;69.0;46.5;55.2;57.1;56.1;61.7;61.1;60.7;59.7;55.7;55.9;55.3;51.7;48.4;46.4;48.0;48.1;46.2;44.6;42.3;42.2;43.3;43.4;39.8;37.0;36.7;35.7;35.9;37.3;37.8;33.2;36.4;29.5;36.6;37.7;42.1;43.7;47.3;49.5;48.3;46.4;48.1;45.7;46.1;42.1;42.5;41.0;42.5;41.5;39.5;37.3;35.4;34.3;34.2;32.2;30.6;30.3;30.3;30.5;32.5;35.6;37.7;32.5;36.4;29.0
2024-10-14;15:21:26;52.1;52.4;;66.4;64.6;49.6;54.6;52.1;52.9;57.6;56.7;54.5;53.0;51.4;49.7;47.7;45.4;46.6;45.7;45.9;47.3;46.5;42.4;39.2;40.0;40.6;39.5;35.3;33.7;33.3;31.8;32.7;35.5;37.5;32.0;36.2;28.2;36.6;37.7;42.1;43.7;47.3;49.5;48.3;46.4;48.1;45.7;46.1;42.1;42.5;41.0;42.5;41.5;39.5;37.3;35.4;34.3;34.2;32.2;30.6;30.3;30.3;30.5;32.5;35.5;37.5;32.0;36.2;28.2
2024-10-14;15:21:27;52.1;51.1;;66.4;66.0;46.6;50.9;52.8;49.6;59.5;60.4;58.1;55.2;50.5;49.4;51.7;45.1;44.6;44.3;45.4;46.4;43.0;42.8;38.2;37.7;37.1;35.6;33.3;31.6;31.0;31.4;33.0;35.0;36.9;31.6;36.2;28.9;36.6;37.7;42.1;43.7;47.3;49.5;48.3;46.4;48.1;45.7;46.1;42.1;42.5;41.0;42.5;41.5;39.5;37.3;35.4;34.3;34.2;32.2;30.6;30.3;30.3;30.5;32.5;35.0;36.9;31.6;36.2;28.2
2024-10-14;15:21:28;52.1;50.7;;66.3;63.3;45.6;49.5;48.9;47.2;56.1;55.6;52.4;50.7;50.5;51.9;54.9;47.0;45.2;43.9;43.7;44.8;42.2;41.6;40.4;37.8;34.6;33.4;32.1;30.5;30.1;30.5;32.0;35.4;37.3;32.4;36.8;29.2;36.6;37.7;42.1;43.7;47.3;49.5;48.3;46.4;48.1;45.7;46.1;42.1;42.5;41.0;42.5;41.5;39.5;37.3;35.4;34.3;34.2;32.2;30.6;30.3;30.1;30.5;32.0;35.0;36.9;31.6;36.2;28.2
2024-10-14;15:21:29;52.1;52.1;;66.3;65.5;43.3;44.8;48.2;50.7;53.9;58.2;55.4;55.6;55.1;55.7;57.3;53.5;48.8;44.4;45.1;46.3;44.2;39.3;38.7;35.2;33.9;32.9;30.7;31.0;31.6;31.5;32.3;35.5;37.6;32.5;36.9;28.7;36.6;37.7;42.1;43.7;47.3;49.5;48.3;46.4;48.1;45.7;46.1;42.1;42.5;41.0;42.5;41.5;39.5;37.3;35.4;34.3;33.9;32.2;30.6;30.3;30.1;30.5;32.0;35.0;36.9;31.6;36.2;28.2
2024-10-14;15:21:30;52.0;50.4;;66.2;61.8;44.1;50.8;50.3;51.1;53.3;50.9;51.1;48.4;47.2;52.2;50.5;48.9;44.4;44.6;46.4;44.3;42.7;41.0;38.9;36.7;35.4;32.8;31.5;30.1;30.4;30.2;31.6;34.5;36.5;31.5;35.8;28.1;36.6;37.7;42.1;43.7;47.3;49.5;48.3;46.4;47.2;45.7;46.1;42.1;42.5;41.0;42.5;41.5;39.5;37.3;35.4;34.3;33.9;32.2;30.6;30.1;30.1;30.2;31.6;34.5;36.5;31.5;35.8;28.1
2024-10-14;15:21:31;52.0;50.0;;66.1;60.0;40.3;41.2;44.4;47.6;48.3;48.0;48.3;47.7;51.3;51.8;50.6;46.8;44.4;44.5;44.8;44.3;43.0;41.5;36.3;35.7;34.4;32.2;31.3;30.4;30.1;30.5;31.9;34.6;36.0;31.1;35.3;27.5;36.6;37.7;42.1;43.7;47.3;48.0;48.3;46.4;47.2;45.7;46.1;42.1;42.5;41.0;42.5;41.5;39.5;37.3;35.4;34.3;33.9;32.2;30.6;30.1;30.1;30.2;31.6;34.5;36.0;31.1;35.3;27.5
2024-10-14;15:21:32;51.9;49.2;;66.0;59.2;39.9;40.0;42.6;47.4;50.1;49.6;50.2;49.4;47.2;47.0;47.3;46.8;42.3;44.9;43.7;43.3;42.3;38.9;36.6;34.7;33.4;32.3;30.5;30.7;31.4;33.4;33.5;35.8;36.8;31.9;36.0;28.6;36.6;37.7;42.1;43.7;47.3;48.0;48.3;46.4;47.2;45.7;46.1;42.1;42.3;41.0;42.5;41.5;39.5;37.3;35.4;34.3;33.4;32.2;30.5;30.1;30.1;30.2;31.6;34.5;36.0;31.1;35.3;27.5
2024-10-14;15:21:33;51.9;49.1;;65.9;59.1;33.8;38.8;42.0;47.7;49.9;50.5;50.0;47.8;47.4;48.9;46.0;46.0;44.7;42.9;44.3;43.3;41.6;40.1;36.0;34.7;33.7;31.5;31.0;30.2;30.9;31.7;33.9;35.7;36.1;32.0;36.2;28.8;33.8;37.7;42.0;43.7;47.3;48.0;48.3;46.4;47.2;45.7;46.0;42.1;42.3;41.0;42.5;41.5;39.5;37.3;35.4;34.3;33.4;31.5;30.5;30.1;30.1;30.2;31.6;34.5;36.0;31.1;35.3;27.5
2024-10-14;15:21:34;51.8;48.8;;65.8;58.9;37.9;43.6;42.2;45.8;48.1;46.8;51.2;48.4;48.5;48.4;45.9;46.4;43.8;44.3;44.6;43.7;41.2;38.7;36.2;33.8;34.1;32.2;30.8;28.9;28.2;30.9;33.0;32.7;33.6;29.0;33.2;25.3;33.8;37.7;42.0;43.7;47.3;46.8;48.3;46.4;47.2;45.7;45.9;42.1;42.3;41.0;42.5;41.5;39.5;37.3;35.4;33.8;33.4;31.5;30.5;28.9;28.2;30.2;31.6;32.7;33.6;29.0;33.2;25.3
2024-10-14;15:21:35;51.8;50.5;;65.7;60.5;37.2;39.7;42.1;44.3;51.5;50.6;52.0;50.0;49.8;50.6;48.1;46.1;43.4;48.3;44.9;45.1;43.8;39.2;38.9;36.1;35.5;34.4;32.0;31.4;30.6;30.7;31.3;34.1;36.0;31.6;36.0;28.0;33.8;37.7;42.0;43.7;47.3;46.8;48.3;46.4;47.2;45.7;45.9;42.1;42.3;41.0;42.5;41.5;39.5;37.3;35.4;33.8;33.4;31.5;30.5;28.9;28.2;30.2;31.3;32.7;33.6;29.0;33.2;25.3
2024-10-14;15:21:36;51.7;50.7;;65.7;61.2;37.6;40.0;46.8;46.5;48.5;51.6;53.6;51.3;50.4;51.7;48.6;47.1;44.2;45.9;48.9;44.2;43.2;40.2;39.4;35.0;35.7;32.4;31.7;30.0;29.5;29.9;31.1;34.7;36.2;31.4;35.3;27.7;33.8;37.7;42.0;43.7;47.3;46.8;48.3;46.4;47.2;45.7;45.9;42.1;42.3;41.0;42.5;41.5;39.5;37.3;35.4;33.8;33.4;31.5;30.5;28.9;28.2;29.9;31.1;32.7;33.6;29.0;33.2;25.3
2024-10-14;15:21:37;51.7;50.3;;65.6;61.1;34.2;37.6;46.0;43.5;49.4;51.2;53.6;53.0;47.1;52.1;50.1;48.2;45.5;44.9;44.9;44.9;42.9;39.8;38.1;36.0;34.3;32.8;31.4;31.0;31.0;30.3;32.3;35.7;37.6;32.7;37.2;30.5;33.8;37.6;42.0;43.5;47.3;46.8;48.3;46.4;47.1;45.7;45.9;42.1;42.3;41.0;42.5;41.5;39.5;37.3;35.4;33.8;33.4;31.5;30.5;28.9;28.2;29.9;31.1;32.7;33.6;29.0;33.2;25.3
2024-10-14;15:21:38;51.7;51.2;;65.5;61.0;37.4;42.6;42.4;48.4;46.1;46.3;51.7;51.5;52.3;52.4;49.5;48.8;46.8;47.4;46.7;44.6;44.1;42.9;38.2;36.5;36.5;34.3;31.9;30.4;28.8;29.2;31.2;34.8;36.5;31.6;35.9;28.1;33.8;37.6;42.0;43.5;46.1;46.3;48.3;46.4;47.1;45.7;45.9;42.1;42.3;41.0;42.5;41.5;39.5;37.3;35.4;33.8;33.4;31.5;30.5;28.9;28.2;29.2;31.1;32.7;33.6;29.0;33.2;25.3
2024-10-14;15:21:39;51.7;50.5;;65.5;61.1;38.7;40.1;43.3;42.5;52.1;53.2;54.3;50.7;49.7;47.6;48.6;45.9;45.0;44.6;45.3;45.8;44.9;40.2;37.8;35.8;35.4;32.3;31.1;32.8;31.0;31.3;32.3;36.5;37.5;31.2;34.8;27.1;33.8;37.6;42.0;42.5;46.1;46.3;48.3;46.4;47.1;45.7;45.9;42.1;42.3;41.0;42.5;41.5;39.5;37.3;35.4;33.8;33.4;31.5;30.5;28.9;28.2;29.2;31.1;32.7;33.6;29.0;33.2;25.3
2024-10-14;15:21:40;51.6;50.3;;65.4;62.4;38.3;47.5;42.6;47.9;49.7;54.4;53.5;54.3;52.1;53.0;49.7;49.7;45.2;44.1;46.6;45.0;41.1;38.5;38.4;34.4;34.5;32.8;31.0;30.0;28.9;29.6;31.6;36.4;36.9;31.5;35.5;28.3;33.8;37.6;42.0;42.5;46.1;46.3;48.3;46.4;47.1;45.7;45.9;42.1;42.3;41.0;42.5;41.5;39.5;37.3;35.4;33.8;33.4;31.5;30.5;28.9;28.2;29.2;31.1;32.7;33.6;29.0;33.2;25.3
2024-10-14;15:21:41;51.6;51.5;;65.4;63.4;36.8;43.1;43.1;46.1;51.6;52.2;56.9;55.1;51.1;54.9;52.0;51.6;45.5;45.3;46.2;45.6;41.9;40.0;43.0;38.7;36.2;32.9;31.1;30.6;29.7;29.4;30.6;33.8;35.4;30.6;35.1;27.9;33.8;37.6;42.0;42.5;46.1;46.3;48.3;46.4;47.1;45.7;45.9;42.1;42.3;41.0;42.5;41.5;39.5;37.3;35.4;33.8;33.4;31.5;30.5;28.9;28.2;29.2;30.6;32.7;33.6;29.0;33.2;25.3
2024-10-14;15:21:42;51.6;50.6;;65.3;60.8;33.3;39.9;41.1;46.1;52.1;51.7;54.3;48.0;49.2;48.4;48.6;48.2;44.2;43.9;45.3;44.2;42.7;40.5;39.3;36.1;36.3;35.9;33.3;35.1;33.6;32.8;33.5;37.7;39.0;32.5;36.2;28.5;33.3;37.6;41.1;42.5;46.1;46.3;48.3;46.4;47.1;45.7;45.9;42.1;42.3;41.0;42.5;41.5;39.5;37.3;35.4;33.8;33.4;31.5;30.5;28.9;28.2;29.2;30.6;32.7;33.6;29.0;33.2;25.3
2024-10-14;15:21:43;51.6;49.0;;65.2;61.8;36.2;40.4;46.2;48.9;50.9;54.1;56.7;50.9;48.6;48.0;50.5;46.4;44.6;41.1;42.6;42.3;41.6;39.6;38.0;34.5;36.1;33.6;31.2;29.7;29.6;29.1;30.9;33.8;34.3;29.8;34.5;27.3;33.3;37.6;41.1;42.5;46.1;46.3;48.3;46.4;47.1;45.7;45.9;42.1;42.3;41.0;42.5;41.5;39.5;37.3;35.4;33.8;33.4;31.5;30.5;28.9;28.2;29.1;30.6;32.7;33.6;29.0;33.2;25.3
2024-10-14;15:21:44;51.5;49.8;;65.2;63.6;39.7;41.3;43.1;49.3;54.5;58.6;55.0;54.8;50.7;46.5;51.1;48.9;44.7;41.9;44.0;42.9;41.5;41.0;37.5;36.3;36.6;34.2;31.7;31.3;30.5;30.2;31.9;34.6;36.4;32.1;37.6;30.4;33.3;37.6;41.1;42.5;46.1;46.3;48.3;46.4;47.1;45.7;45.9;42.1;42.3;41.0;42.5;41.5;39.5;37.3;35.4;33.8;33.4;31.5;30.5;28.9;28.2;29.1;30.6;32.7;33.6;29.0;33.2;25.3
2024-10-14;15:21:45;51.5;49.6;;65.2;61.7;34.8;39.0;43.5;46.6;49.2;51.8;55.4;55.0;49.6;48.9;51.3;45.6;45.3;42.5;45.3;42.8;43.0;39.7;36.8;34.8;34.3;34.2;31.5;29.4;28.7;29.3;30.2;33.7;35.1;31.0;36.0;29.4;33.3;37.6;41.1;42.5;46.1;46.3;48.3;46.4;47.1;45.7;45.9;42.1;42.3;41.0;42.5;41.5;39.5;37.3;35.4;33.8;33.4;31.5;30.5;28.9;28.2;29.1;30.2;32.7;33.6;29.0;33.2;25.3
2024-10-14;15:21:46;51.5;49.3;;65.1;61.3;34.3;38.5;40.0;41.7;49.7;53.5;55.8;52.7;47.7;51.1;47.8;45.3;43.7;43.2;45.0;44.8;41.8;38.1;36.2;34.4;35.1;34.2;32.7;31.3;29.7;29.9;31.2;33.2;35.4;30.4;35.3;28.3;33.3;37.6;40.0;41.7;46.1;46.3;48.3;46.4;47.1;45.7;45.9;42.1;42.3;41.0;42.5;41.5;39.5;37.3;35.4;33.8;33.4;31.5;30.5;28.9;28.2;29.1;30.2;32.7;33.6;29.0;33.2;25.3
2024-10-14;15:21:47;51.4;49.4;;65.1;62.8;36.6;38.5;45.9;45.3;53.0;54.9;57.8;54.0;48.5;51.4;47.6;44.6;43.2;42.4;43.6;44.0;43.6;38.7;36.4;35.7;34.7;32.6;31.5;30.2;29.8;29.8;32.8;33.8;35.9;31.8;37.1;29.4;33.3;37.6;40.0;41.7;46.1;46.3;48.3;46.4;47.1;45.7;45.9;42.1;42.3;41.0;42.5;41.5;39.5;37.3;35.4;33.8;33.4;31.5;30.5;28.9;28.2;29.1;30.2;32.7;33.6;29.0;33.2;25.3
2024-10-14;15:21:48;51.4;48.2;;65.0;60.8;38.7;39.4;43.5;46.2;53.7;52.3;54.7;50.6;47.8;47.3;46.9;43.2;44.1;42.2;44.6;42.2;39.8;39.1;35.3;33.5;33.8;32.0;31.0;29.7;30.2;29.0;29.4;32.4;34.4;30.2;35.6;27.8;33.3;37.6;40.0;41.7;46.1;46.3;48.3;46.4;47.1;45.7;45.9;42.1;42.3;41.0;42.5;41.5;39.5;37.3;35.3;33.5;33.4;31.5;30.5;28.9;28.2;29.0;29.4;32.4;33.6;29.0;33.2;25.3
2024-10-14;15:21:49;51.4;50.5;;65.0;62.0;40.5;45.1;46.9;51.5;51.4;54.9;55.5;51.2;49.6;47.8;46.9;44.9;43.6;42.9;44.3;43.8;45.9;39.0;37.9;38.3;39.9;34.1;33.1;30.0;30.1;29.3;32.0;32.8;34.8;30.7;35.6;29.1;33.3;37.6;40.0;41.7;46.1;46.3;48.3;46.4;47.1;45.7;45.9;42.1;42.3;41.0;42.5;41.5;39.5;37.3;35.3;33.5;33.4;31.5;30.5;28.9;28.2;29.0;29.4;32.4;33.6;29.0;33.2;25.3
2024-10-14;15:21:50;51.4;51.9;;64.9;60.9;37.9;40.6;44.8;45.3;50.2;55.5;53.0;47.4;50.2;46.1;44.3;44.7;42.3;42.6;43.4;43.4;48.3;44.0;40.7;40.9;39.9;36.2;33.8;32.4;32.1;31.1;32.3;35.5;36.9;32.8;38.3;31.8;33.3;37.6;40.0;41.7;46.1;46.3;48.3;46.4;47.1;45.7;44.3;42.1;42.3;41.0;42.5;41.5;39.5;37.3;35.3;33.5;33.4;31.5;30.5;28.9;28.2;29.0;29.4;32.4;33.6;29.0;33.2;25.3
2024-10-14;15:21:51;51.4;49.9;;64.9;60.0;38.8;37.4;44.2;50.3;49.4;52.9;49.8;49.9;49.3;47.7;46.1;44.3;43.5;42.4;44.6;43.5;43.9;39.9;38.7;37.1;38.5;33.0;32.3;30.8;29.5;30.5;31.5;34.2;36.2;31.3;36.1;28.8;33.3;37.4;40.0;41.7;46.1;46.3;48.3;46.4;47.1;45.7;44.3;42.1;42.3;41.0;42.5;41.5;39.5;37.3;35.3;33.5;33.4;31.5;30.5;28.9;28.2;29.0;29.4;32.4;33.6;29.0;33.2;25.3
2024-10-14;15:21:52;51.3;49.9;;64.8;59.9;33.0;38.6;43.7;42.6;49.1;53.2;51.9;47.8;48.2;48.9;48.8;43.8;43.3;46.5;42.6;41.8;41.6;39.4;37.9;37.6;36.1;33.3;32.8;33.1;32.6;31.8;34.9;37.7;40.1;35.5;40.4;32.8;33.0;37.4;40.0;41.7;46.1;46.3;48.3;46.4;47.1;45.7;44.3;42.1;42.3;41.0;42.5;41.5;39.5;37.3;35.3;33.5;33.4;31.5;30.5;28.9;28.2;29.0;29.4;32.4;33.6;29.0;33.2;25.3
2024-10-14;15:21:53;51.4;52.4;;64.8;61.1;38.5;42.7;46.4;45.2;48.9;52.4;53.7;51.3;49.4;49.5;46.2;46.1;45.5;45.9;44.8;46.5;43.4;43.8;40.9;41.7;39.1;36.3;33.2;34.6;32.1;33.6;36.3;39.8;42.5;37.6;42.3;35.0;33.0;37.4;40.0;41.7;46.1;46.3;48.3;46.4;47.1;45.7;44.3;42.1;42.3;41.0;42.5;41.5;39.5;37.3;35.3;33.5;33.4;31.5;30.5;28.9;28.2;29.0;29.4;32.4;33.6;29.0;33.2;25.3
2024-10-14;15:21:54;51.4;52.0;;64.7;60.1;34.8;39.6;44.6;48.7;49.1;53.3;49.1;45.8;48.5;47.1;47.5;45.7;44.7;43.7;44.2;46.7;44.5;43.1;41.0;39.8;37.0;34.5;31.9;31.0;31.6;33.8;36.6;40.6;43.1;38.5;43.1;35.8;33.0;37.4;40.0;41.7;46.1;46.3;48.3;45.8;47.1;45.7;44.3;42.1;42.3;41.0;42.5;41.5;39.5;37.3;35.3;33.5;33.4;31.5;30.5;28.9;28.2;29.0;29.4;32.4;33.6;29.0;33.2;25.3
2024-10-14;15:21:55;51.4;52.2;;64.7;60.8;36.1;43.2;45.7;43.7;50.8;55.3;51.1;47.5;46.0;49.3;46.0;44.5;42.5;42.8;45.5;44.8;44.3;44.6;42.6;38.8;37.5;34.2;32.4;32.2;32.4;33.5;38.9;41.0;43.7;38.7;43.5;35.8;33.0;37.4;40.0;41.7;46.1;46.3;48.3;45.8;46.0;45.7;44.3;42.1;42.3;41.0;42.5;41.5;39.5;37.3;35.3;33.5;33.4;31.5;30.5;28.9;28.2;29.0;29.4;32.4;33.6;29.0;33.2;25.3
2024-10-14;15:21:56;51.4;52.7;;64.6;62.6;44.6;51.4;47.0;51.2;50.4;57.0;53.2;48.5;48.3;47.9;47.7;45.7;47.0;44.0;45.9;46.5;46.1;41.5;39.4;37.2;38.7;35.6;35.9;35.0;34.1;35.2;38.2;42.4;44.9;39.7;44.2;36.4;33.0;37.4;40.0;41.7;46.1;46.3;48.3;45.8;46.0;45.7;44.3;42.1;42.3;41.0;42.5;41.5;39.5;37.3;35.3;33.5;33.4;31.5;30.5;28.9;28.2;29.0;29.4;32.4;33.6;29.0;33.2;25.3
2024-10-14;15:21:57;51.4;52.8;;64.6;61.2;39.6;40.6;41.7;44.9;47.3;55.9;51.9;49.4;47.4;48.4;47.5;43.3;46.8;44.9;46.1;46.8;45.1;41.0;39.1;38.8;37.3;37.4;35.7;35.5;34.7;36.1;38.9;43.1;45.4;40.6;45.2;37.2;33.0;37.4;40.0;41.7;46.1;46.3;48.3;45.8;46.0;45.7;44.3;42.1;42.3;41.0;42.5;41.5;39.5;37.3;35.3;33.5;33.4;31.5;30.5;28.9;28.2;29.0;29.4;32.4;33.6;29.0;33.2;25.3
2024-10-14;15:21:58;51.5;53.7;;64.6;64.0;47.2;49.4;50.8;53.4;53.7;57.8;55.1;50.1;49.0;49.2;49.2;46.2;46.4;46.7;50.0;47.0;45.4;43.2;41.5;40.5;37.8;36.1;33.9;34.0;34.4;35.4;39.0;43.0;45.7;40.6;45.0;37.7;33.0;37.4;40.0;41.7;46.1;46.3;48.3;45.8;46.0;45.7;44.3;42.1;42.3;41.0;42.5;41.5;39.5;37.3;35.3;33.5;33.4;31.5;30.5;28.9;28.2;29.0;29.4;32.4;33.6;29.0;33.2;25.3
2024-10-14;15:22:00;;;STOP

