Description: caramelo
Condition: Indoor with open windows
Environment: Urban
Source: Voice
Weather: Cloudy
Feeling: Neither good, no bad
Appropriate: Moderately
Reason: Other reason
Coordinates: -23.560224,-46.729892
Calibration: 24 dBA
Measure start: 2024-10-14 14:48:46
Measure stop: 2024-10-14 14:49:44
Duration: 00:00:58
LAeq(t): 59.3 dBA
Cloud: Yes
===



Date;Time;LAeq(t);LAeq(1s);Marker;LZeq(t);LZeq(1s);LZeq_16;LZeq_20;LZeq_25;LZeq_31.5;LZeq_40;LZeq_50;LZeq_63;LZeq_80;LZeq_100;LZeq_125;LZeq_160;LZeq_200;LZeq_250;LZeq_315;LZeq_400;LZeq_500;LZeq_630;LZeq_800;LZeq_1000;LZeq_1250;LZeq_1600;LZeq_2000;LZeq_2500;LZeq_3150;LZeq_4000;LZeq_5000;LZeq_6300;LZeq_8000;LZeq_10000;LZeq_12500;LZeq_16000;LZeq_20000;LZmin_16;LZmin_20;LZmin_25;LZmin_31.5;LZmin_40;LZmin_50;LZmin_63;LZmin_80;LZmin_100;LZmin_125;LZmin_160;LZmin_200;LZmin_250;LZmin_315;LZmin_400;LZmin_500;LZmin_630;LZmin_800;LZmin_1000;LZmin_1250;LZmin_1600;LZmin_2000;LZmin_2500;LZmin_3150;LZmin_4000;LZmin_5000;LZmin_6300;LZmin_8000;LZmin_10000;LZmin_12500;LZmin_16000;LZmin_20000
2024-10-14;14:48:46;58.6;58.9;START;62.8;62.9;34.2;38.6;45.0;44.6;48.6;46.2;50.5;44.3;44.3;50.4;49.0;49.1;51.1;52.0;51.9;54.6;54.7;50.5;46.8;45.9;46.4;43.7;42.3;38.6;36.4;32.1;31.4;29.1;23.4;20.7;22.6;19.7;34.2;38.6;45.0;44.6;48.6;46.2;50.5;44.3;44.3;50.4;49.0;49.1;51.1;52.0;51.9;54.6;54.7;50.5;46.8;45.9;46.4;43.7;42.3;38.6;36.4;32.1;31.4;29.1;23.4;20.7;22.6;19.7
2024-10-14;14:48:47;58.7;59.0;;63.0;63.3;30.3;36.8;42.6;44.9;49.4;51.8;50.6;42.2;43.7;48.2;49.7;48.0;51.7;51.9;52.2;56.4;53.3;50.7;47.6;46.9;45.5;43.8;42.0;40.5;38.8;35.2;34.3;35.2;29.3;24.5;26.2;21.5;30.3;36.8;42.6;44.6;48.6;46.2;50.5;42.2;43.7;48.2;49.0;48.0;51.1;51.9;51.9;54.6;53.3;50.5;46.8;45.9;45.5;43.7;42.0;38.6;36.4;32.1;31.4;29.1;23.4;20.7;22.6;19.7
2024-10-14;14:48:48;58.9;59.2;;63.1;63.3;37.5;39.6;44.9;41.4;48.4;53.4;51.0;45.1;44.1;49.3;50.5;49.6;50.6;50.8;53.4;53.4;52.1;49.9;45.2;45.2;45.8;43.5;40.5;38.2;35.9;53.1;33.1;34.3;34.7;23.2;24.6;18.2;30.3;36.8;42.6;41.4;48.4;46.2;50.5;42.2;43.7;48.2;49.0;48.0;50.6;50.8;51.9;53.4;52.1;49.9;45.2;45.2;45.5;43.5;40.5;38.2;35.9;32.1;31.4;29.1;23.4;20.7;22.6;18.2
2024-10-14;14:48:49;58.7;58.3;;63.0;62.7;32.2;38.6;39.3;44.8;45.0;50.0;50.7;42.3;44.7;47.8;47.4;51.1;51.5;54.8;52.9;51.7;51.5;48.6;46.3;45.4;45.6;43.0;39.6;37.8;35.5;50.1;31.1;29.5;24.2;20.9;22.0;19.5;30.3;36.8;39.3;41.4;45.0;46.2;50.5;42.2;43.7;47.8;47.4;48.0;50.6;50.8;51.9;51.7;51.5;48.6;45.2;45.2;45.5;43.0;39.6;37.8;35.5;32.1;31.1;29.1;23.4;20.7;22.0;18.2
2024-10-14;14:48:50;58.5;57.0;;62.7;61.4;30.3;38.9;41.4;44.8;45.0;46.1;47.9;43.9;47.0;48.0;47.1;48.1;51.2;52.5;50.5;51.2;51.8;48.3;46.9;46.8;43.2;40.8;40.4;38.7;35.9;33.2;30.9;27.4;21.3;18.5;21.5;17.8;30.3;36.8;39.3;41.4;45.0;46.1;47.9;42.2;43.7;47.8;47.1;48.0;50.6;50.8;50.5;51.2;51.5;48.3;45.2;45.2;43.2;40.8;39.6;37.8;35.5;32.1;30.9;27.4;21.3;18.5;21.5;17.8
2024-10-14;14:48:51;58.4;57.8;;62.5;61.6;30.1;36.9;41.4;42.9;43.7;46.6;47.7;45.0;48.3;48.3;47.2;46.9;49.5;51.2;50.5;53.0;52.5;50.6;48.0;45.3;43.8;43.1;41.4;41.4;38.0;34.2;30.9;28.6;21.9;19.3;22.3;17.5;30.1;36.8;39.3;41.4;43.7;46.1;47.7;42.2;43.7;47.8;47.1;46.9;49.5;50.8;50.5;51.2;51.5;48.3;45.2;45.2;43.2;40.8;39.6;37.8;35.5;32.1;30.9;27.4;21.3;18.5;21.5;17.5
2024-10-14;14:48:52;58.4;58.2;;62.5;61.9;35.1;38.5;41.6;42.9;45.9;48.6;50.5;44.7;44.1;47.0;46.8;48.3;50.9;49.6;51.8;52.4;53.4;50.1;47.4;48.0;45.8;43.3;41.9;40.3;37.5;34.6;32.2;29.8;22.5;20.6;22.6;21.1;30.1;36.8;39.3;41.4;43.7;46.1;47.7;42.2;43.7;47.0;46.8;46.9;49.5;49.6;50.5;51.2;51.5;48.3;45.2;45.2;43.2;40.8;39.6;37.8;35.5;32.1;30.9;27.4;21.3;18.5;21.5;17.5
2024-10-14;14:48:53;58.3;57.6;;62.4;62.0;35.7;40.9;46.0;46.4;46.4;47.8;50.1;45.9;45.7;49.3;48.9;48.2;49.8;52.2;51.1;51.7;50.5;49.8;48.0;46.3;46.9;43.1;42.1;41.1;38.2;35.1;33.2;31.2;25.3;22.5;27.3;22.7;30.1;36.8;39.3;41.4;43.7;46.1;47.7;42.2;43.7;47.0;46.8;46.9;49.5;49.6;50.5;51.2;50.5;48.3;45.2;45.2;43.2;40.8;39.6;37.8;35.5;32.1;30.9;27.4;21.3;18.5;21.5;17.5
2024-10-14;14:48:54;58.8;62.1;;63.4;67.9;31.7;36.3;41.4;38.9;49.6;48.2;55.0;53.5;51.2;61.5;57.3;57.6;56.5;57.5;55.6;55.4;55.0;54.1;53.0;51.4;49.5;46.6;44.2;42.5;40.3;37.4;34.9;34.6;29.4;25.2;26.8;25.1;30.1;36.3;39.3;38.9;43.7;46.1;47.7;42.2;43.7;47.0;46.8;46.9;49.5;49.6;50.5;51.2;50.5;48.3;45.2;45.2;43.2;40.8;39.6;37.8;35.5;32.1;30.9;27.4;21.3;18.5;21.5;17.5
2024-10-14;14:48:55;58.8;58.7;;63.4;63.9;32.8;36.9;40.0;42.4;48.0;48.0;50.1;48.1;48.4;56.0;53.0;51.8;52.9;51.2;54.3;53.4;51.7;51.3;48.9;47.5;46.0;42.7;41.6;39.2;36.5;33.5;32.8;34.2;29.8;23.4;23.5;20.1;30.1;36.3;39.3;38.9;43.7;46.1;47.7;42.2;43.7;47.0;46.8;46.9;49.5;49.6;50.5;51.2;50.5;48.3;45.2;45.2;43.2;40.8;39.6;37.8;35.5;32.1;30.9;27.4;21.3;18.5;21.5;17.5
2024-10-14;14:48:56;58.7;56.5;;63.3;60.7;32.7;37.2;40.7;45.7;45.3;44.6;46.2;42.6;41.8;47.7;47.8;48.0;50.5;49.6;51.7;50.2;51.6;49.4;44.9;44.9;43.9;40.6;38.7;36.4;34.8;31.9;29.7;27.1;20.8;18.3;19.6;16.7;30.1;36.3;39.3;38.9;43.7;44.6;46.2;42.2;41.8;47.0;46.8;46.9;49.5;49.6;50.5;50.2;50.5;48.3;44.9;44.9;43.2;40.6;38.7;36.4;34.8;31.9;29.7;27.1;20.8;18.3;19.6;16.7
2024-10-14;14:48:57;58.8;59.8;;63.3;63.1;35.0;39.3;45.1;40.5;46.0;49.9;49.4;44.3;44.5;49.5;48.0;48.8;50.4;49.2;52.0;53.4;51.8;57.3;47.6;46.8;47.9;42.1;40.1;39.5;36.5;33.2;31.2;29.5;22.9;19.3;20.1;16.9;30.1;36.3;39.3;38.9;43.7;44.6;46.2;42.2;41.8;47.0;46.8;46.9;49.5;49.2;50.5;50.2;50.5;48.3;44.9;44.9;43.2;40.6;38.7;36.4;34.8;31.9;29.7;27.1;20.8;18.3;19.6;16.7
2024-10-14;14:48:58;58.7;56.7;;63.1;61.0;33.9;40.6;45.0;44.9;44.0;46.3;46.3;43.7;44.0;48.5;48.5;48.2;49.8;48.7;51.4;51.3;51.7;49.6;44.6;43.5;44.8;41.4;39.9;38.9;36.0;32.4;30.0;29.4;22.9;22.3;25.6;20.0;30.1;36.3;39.3;38.9;43.7;44.6;46.2;42.2;41.8;47.0;46.8;46.9;49.5;48.7;50.5;50.2;50.5;48.3;44.6;43.5;43.2;40.6;38.7;36.4;34.8;31.9;29.7;27.1;20.8;18.3;19.6;16.7
2024-10-14;14:48:59;58.6;57.5;;63.0;61.5;28.3;38.0;39.5;41.2;44.3;47.5;49.6;45.9;44.8;46.6;47.0;48.2;50.2;50.7;50.6;53.3;51.5;50.6;47.2;45.1;45.4;42.8;40.7;38.3;35.8;32.9;29.1;27.1;21.5;18.9;19.8;17.2;28.3;36.3;39.3;38.9;43.7;44.6;46.2;42.2;41.8;46.6;46.8;46.9;49.5;48.7;50.5;50.2;50.5;48.3;44.6;43.5;43.2;40.6;38.7;36.4;34.8;31.9;29.1;27.1;20.8;18.3;19.6;16.7
2024-10-14;14:49:00;58.6;58.3;;63.0;62.5;40.0;41.1;43.4;45.4;49.9;49.4;48.9;43.1;41.1;50.2;47.0;48.6;50.8;50.2;53.7;53.0;52.4;52.5;46.5;45.7;45.8;42.3;40.4;36.2;33.7;31.4;29.8;28.7;23.1;20.5;22.2;18.7;28.3;36.3;39.3;38.9;43.7;44.6;46.2;42.2;41.1;46.6;46.8;46.9;49.5;48.7;50.5;50.2;50.5;48.3;44.6;43.5;43.2;40.6;38.7;36.2;33.7;31.4;29.1;27.1;20.8;18.3;19.6;16.7
2024-10-14;14:49:01;58.5;56.5;;62.9;61.1;37.3;38.5;42.4;43.2;45.8;46.3;48.4;45.2;44.0;48.4;50.2;48.5;50.5;49.2;49.8;52.0;50.4;50.1;44.8;44.3;42.4;41.1;40.0;38.6;37.9;31.9;31.0;28.5;21.2;17.7;20.5;15.9;28.3;36.3;39.3;38.9;43.7;44.6;46.2;42.2;41.1;46.6;46.8;46.9;49.5;48.7;49.8;50.2;50.4;48.3;44.6;43.5;42.4;40.6;38.7;36.2;33.7;31.4;29.1;27.1;20.8;17.7;19.6;15.9
2024-10-14;14:49:02;58.4;57.5;;62.8;61.8;39.9;42.2;43.1;45.9;49.0;46.3;48.9;41.9;43.6;47.6;48.4;46.7;49.0;50.0;52.6;54.5;49.8;51.2;45.7;43.9;45.7;42.4;40.2;37.3;34.6;31.2;28.7;25.4;19.1;17.5;19.2;16.5;28.3;36.3;39.3;38.9;43.7;44.6;46.2;41.9;41.1;46.6;46.8;46.7;49.0;48.7;49.8;50.2;49.8;48.3;44.6;43.5;42.4;40.6;38.7;36.2;33.7;31.2;28.7;25.4;19.1;17.5;19.2;15.9
2024-10-14;14:49:03;58.5;60.0;;62.9;64.0;37.6;42.7;42.9;42.0;45.9;46.2;48.7;43.4;44.2;47.4;50.5;50.9;54.8;54.4;53.4;57.0;51.6;54.9;47.4;45.8;46.5;42.4;41.8;39.6;37.7;35.8;32.4;28.6;23.1;21.1;22.1;19.6;28.3;36.3;39.3;38.9;43.7;44.6;46.2;41.9;41.1;46.6;46.8;46.7;49.0;48.7;49.8;50.2;49.8;48.3;44.6;43.5;42.4;40.6;38.7;36.2;33.7;31.2;28.7;25.4;19.1;17.5;19.2;15.9
2024-10-14;14:49:04;58.6;60.1;;63.0;63.7;35.1;41.7;42.9;42.1;47.8;49.5;46.3;42.2;45.6;48.8;50.9;50.6;52.5;53.7;54.0;54.8;54.8;51.1;50.1;48.2;49.0;46.4;42.2;41.4;39.9;33.2;30.7;28.7;22.6;18.5;19.3;16.4;28.3;36.3;39.3;38.9;43.7;44.6;46.2;41.9;41.1;46.6;46.8;46.7;49.0;48.7;49.8;50.2;49.8;48.3;44.6;43.5;42.4;40.6;38.7;36.2;33.7;31.2;28.7;25.4;19.1;17.5;19.2;15.9
2024-10-14;14:49:05;58.7;59.2;;63.0;62.7;35.2;38.4;38.9;40.0;46.2;46.5;48.1;41.6;43.8;48.7;49.9;51.3;49.7;52.9;53.3;52.3;54.3;51.0;49.6;47.9;47.4;45.5;41.9;41.8;39.2;35.0;32.5;30.5;24.8;22.5;25.0;19.8;28.3;36.3;38.9;38.9;43.7;44.6;46.2;41.6;41.1;46.6;46.8;46.7;49.0;48.7;49.8;50.2;49.8;48.3;44.6;43.5;42.4;40.6;38.7;36.2;33.7;31.2;28.7;25.4;19.1;17.5;19.2;15.9
2024-10-14;14:49:06;58.7;59.1;;62.9;62.5;36.6;41.3;43.3;42.0;44.6;48.3;48.1;41.7;45.2;50.0;48.3;48.9;47.9;50.5;53.3;54.4;53.2;50.0;47.1;47.2;48.5;47.3;44.3;41.8;38.0;33.0;30.5;28.3;22.3;19.4;20.7;16.6;28.3;36.3;38.9;38.9;43.7;44.6;46.2;41.6;41.1;46.6;46.8;46.7;47.9;48.7;49.8;50.2;49.8;48.3;44.6;43.5;42.4;40.6;38.7;36.2;33.7;31.2;28.7;25.4;19.1;17.5;19.2;15.9
2024-10-14;14:49:07;58.7;60.0;;62.9;63.2;37.1;42.3;44.1;44.5;48.5;47.7;46.2;44.6;44.9;47.3;50.1;49.5;50.8;50.9;55.3;53.8;53.3;50.6;47.0;47.1;51.1;49.6;46.1;42.3;36.8;32.1;33.0;28.3;22.8;20.7;21.4;20.0;28.3;36.3;38.9;38.9;43.7;44.6;46.2;41.6;41.1;46.6;46.8;46.7;47.9;48.7;49.8;50.2;49.8;48.3;44.6;43.5;42.4;40.6;38.7;36.2;33.7;31.2;28.7;25.4;19.1;17.5;19.2;15.9
2024-10-14;14:49:08;58.8;59.4;;62.9;62.3;34.5;36.4;40.4;42.4;45.6;45.1;48.5;43.0;42.3;47.4;46.7;49.6;50.5;52.3;52.7;52.4;52.7;51.2;48.1;49.1;49.5;48.6;43.6;41.6;37.8;34.2;31.5;27.9;21.4;18.0;19.3;16.1;28.3;36.3;38.9;38.9;43.7;44.6;46.2;41.6;41.1;46.6;46.7;46.7;47.9;48.7;49.8;50.2;49.8;48.3;44.6;43.5;42.4;40.6;38.7;36.2;33.7;31.2;28.7;25.4;19.1;17.5;19.2;15.9
2024-10-14;14:49:09;58.8;59.7;;62.9;63.2;34.4;39.8;42.7;45.5;45.3;46.7;46.5;44.1;41.5;47.0;48.7;49.4;51.9;50.9;56.0;54.7;54.4;50.8;49.5;47.9;47.5;45.3;42.8;40.6;37.0;32.5;29.7;27.3;21.1;19.2;20.8;16.9;28.3;36.3;38.9;38.9;43.7;44.6;46.2;41.6;41.1;46.6;46.7;46.7;47.9;48.7;49.8;50.2;49.8;48.3;44.6;43.5;42.4;40.6;38.7;36.2;33.7;31.2;28.7;25.4;19.1;17.5;19.2;15.9
2024-10-14;14:49:10;58.8;56.6;;62.9;62.7;45.3;46.8;48.7;50.7;52.4;53.2;50.9;41.6;42.7;48.4;47.7;49.2;50.2;50.1;51.0;52.4;50.9;48.0;45.5;44.1;43.3;43.0;40.8;38.6;36.4;32.6;30.4;26.9;20.6;18.9;20.1;17.4;28.3;36.3;38.9;38.9;43.7;44.6;46.2;41.6;41.1;46.6;46.7;46.7;47.9;48.7;49.8;50.2;49.8;48.0;44.6;43.5;42.4;40.6;38.7;36.2;33.7;31.2;28.7;25.4;19.1;17.5;19.2;15.9
2024-10-14;14:49:11;58.7;57.0;;62.9;61.5;40.4;41.0;41.4;44.8;49.2;47.3;46.8;44.5;43.4;48.0;47.4;49.3;50.1;51.1;53.0;50.7;50.7;50.5;46.0;44.6;44.5;42.3;40.5;39.0;35.0;32.4;30.3;27.3;20.2;17.2;18.8;13.8;28.3;36.3;38.9;38.9;43.7;44.6;46.2;41.6;41.1;46.6;46.7;46.7;47.9;48.7;49.8;50.2;49.8;48.0;44.6;43.5;42.4;40.6;38.7;36.2;33.7;31.2;28.7;25.4;19.1;17.2;18.8;13.8
2024-10-14;14:49:12;58.7;57.1;;62.8;61.9;40.8;42.5;49.0;45.3;48.8;46.6;49.2;45.6;43.0;50.1;47.6;49.6;50.9;47.9;51.0;54.1;50.5;49.2;46.2;45.1;44.7;41.3;39.9;39.2;35.3;31.9;30.3;28.1;22.0;20.6;21.8;19.0;28.3;36.3;38.9;38.9;43.7;44.6;46.2;41.6;41.1;46.6;46.7;46.7;47.9;47.9;49.8;50.2;49.8;48.0;44.6;43.5;42.4;40.6;38.7;36.2;33.7;31.2;28.7;25.4;19.1;17.2;18.8;13.8
2024-10-14;14:49:13;58.6;56.9;;62.8;61.4;42.0;43.5;41.8;43.6;47.4;47.3;48.8;42.7;43.2;46.8;48.8;47.3;47.8;52.5;52.0;52.0;51.1;50.1;45.6;43.3;44.6;41.6;40.6;36.6;33.8;29.7;28.2;27.1;20.9;17.6;19.6;20.7;28.3;36.3;38.9;38.9;43.7;44.6;46.2;41.6;41.1;46.6;46.7;46.7;47.8;47.9;49.8;50.2;49.8;48.0;44.6;43.3;42.4;40.6;38.7;36.2;33.7;29.7;28.2;25.4;19.1;17.2;18.8;13.8
2024-10-14;14:49:14;58.6;58.7;;62.8;62.6;37.4;39.6;46.0;45.6;46.7;45.0;49.9;42.6;42.5;48.0;44.7;47.5;53.8;53.1;52.7;51.7;53.1;50.7;49.7;48.5;46.5;43.2;40.7;37.9;36.4;31.1;30.0;28.5;22.3;19.8;20.7;16.5;28.3;36.3;38.9;38.9;43.7;44.6;46.2;41.6;41.1;46.6;44.7;46.7;47.8;47.9;49.8;50.2;49.8;48.0;44.6;43.3;42.4;40.6;38.7;36.2;33.7;29.7;28.2;25.4;19.1;17.2;18.8;13.8
2024-10-14;14:49:15;58.6;58.4;;62.8;62.5;40.1;42.6;43.2;48.0;47.8;46.2;50.3;44.7;46.2;47.9;48.1;48.4;50.5;52.6;52.8;53.7;52.3;50.9;47.5;46.6;46.2;43.5;39.9;40.4;37.6;33.6;31.6;28.9;22.6;21.0;21.7;19.1;28.3;36.3;38.9;38.9;43.7;44.6;46.2;41.6;41.1;46.6;44.7;46.7;47.8;47.9;49.8;50.2;49.8;48.0;44.6;43.3;42.4;40.6;38.7;36.2;33.7;29.7;28.2;25.4;19.1;17.2;18.8;13.8
2024-10-14;14:49:16;58.6;57.7;;62.8;61.8;36.0;38.3;41.5;43.3;46.5;45.6;49.2;43.1;42.8;48.3;47.9;48.4;50.8;51.2;52.0;54.1;50.9;50.0;45.8;45.4;47.7;42.0;38.9;37.8;34.4;31.5;29.6;28.6;20.9;18.7;20.0;16.4;28.3;36.3;38.9;38.9;43.7;44.6;46.2;41.6;41.1;46.6;44.7;46.7;47.8;47.9;49.8;50.2;49.8;48.0;44.6;43.3;42.4;40.6;38.7;36.2;33.7;29.7;28.2;25.4;19.1;17.2;18.8;13.8
2024-10-14;14:49:17;58.5;57.1;;62.7;62.1;40.7;40.6;48.4;48.2;48.8;48.9;49.2;46.3;45.0;49.3;48.7;49.9;49.9;51.4;51.2;51.5;52.1;49.7;45.7;45.7;44.7;40.8;38.4;37.3;34.0;31.3;30.0;28.3;23.3;19.4;20.5;17.0;28.3;36.3;38.9;38.9;43.7;44.6;46.2;41.6;41.1;46.6;44.7;46.7;47.8;47.9;49.8;50.2;49.8;48.0;44.6;43.3;42.4;40.6;38.4;36.2;33.7;29.7;28.2;25.4;19.1;17.2;18.8;13.8
2024-10-14;14:49:18;58.5;57.3;;62.7;61.4;31.5;39.8;37.6;41.8;46.4;48.1;45.1;43.9;42.8;48.9;46.8;49.2;51.3;50.9;51.4;50.6;52.2;50.2;47.7;46.2;44.4;41.5;39.4;37.8;34.6;31.3;29.7;28.4;22.8;20.9;22.1;19.4;28.3;36.3;37.6;38.9;43.7;44.6;45.1;41.6;41.1;46.6;44.7;46.7;47.8;47.9;49.8;50.2;49.8;48.0;44.6;43.3;42.4;40.6;38.4;36.2;33.7;29.7;28.2;25.4;19.1;17.2;18.8;13.8
2024-10-14;14:49:19;58.4;55.7;;62.7;60.6;33.3;39.9;42.5;40.6;46.2;49.9;48.8;45.1;45.5;47.3;48.3;47.5;49.1;49.3;50.6;49.6;49.7;47.8;45.8;44.4;43.8;40.6;38.7;36.8;35.6;30.8;29.4;28.7;21.8;19.5;20.9;16.5;28.3;36.3;37.6;38.9;43.7;44.6;45.1;41.6;41.1;46.6;44.7;46.7;47.8;47.9;49.8;49.6;49.7;47.8;44.6;43.3;42.4;40.6;38.4;36.2;33.7;29.7;28.2;25.4;19.1;17.2;18.8;13.8
2024-10-14;14:49:20;58.4;57.2;;62.6;61.6;31.7;41.1;43.0;44.5;44.7;46.7;49.3;42.2;43.5;49.7;48.6;46.6;49.1;51.9;53.2;52.2;50.9;47.5;46.1;45.8;46.1;42.0;39.7;40.8;38.0;33.5;31.4;29.8;22.2;19.9;21.1;16.6;28.3;36.3;37.6;38.9;43.7;44.6;45.1;41.6;41.1;46.6;44.7;46.6;47.8;47.9;49.8;49.6;49.7;47.5;44.6;43.3;42.4;40.6;38.4;36.2;33.7;29.7;28.2;25.4;19.1;17.2;18.8;13.8
2024-10-14;14:49:21;58.4;55.4;;62.6;59.9;31.7;34.5;38.3;40.2;44.9;44.3;47.0;43.4;44.6;47.3;49.5;48.7;48.0;48.9;49.0;50.7;49.3;47.5;45.1;44.4;42.8;40.5;38.6;37.1;34.0;31.8;30.3;30.4;23.2;20.6;22.4;18.5;28.3;34.5;37.6;38.9;43.7;44.3;45.1;41.6;41.1;46.6;44.7;46.6;47.8;47.9;49.0;49.6;49.3;47.5;44.6;43.3;42.4;40.5;38.4;36.2;33.7;29.7;28.2;25.4;19.1;17.2;18.8;13.8
2024-10-14;14:49:22;58.3;56.9;;62.6;61.6;30.8;39.3;38.0;39.1;45.7;47.8;48.3;44.9;44.1;48.7;48.1;51.4;51.3;51.6;52.6;50.7;51.1;49.4;44.9;45.4;43.4;39.8;39.3;38.9;35.9;34.8;33.9;30.7;23.6;21.2;22.1;19.3;28.3;34.5;37.6;38.9;43.7;44.3;45.1;41.6;41.1;46.6;44.7;46.6;47.8;47.9;49.0;49.6;49.3;47.5;44.6;43.3;42.4;39.8;38.4;36.2;33.7;29.7;28.2;25.4;19.1;17.2;18.8;13.8
2024-10-14;14:49:23;58.3;57.4;;62.5;61.6;35.2;41.0;42.2;43.1;45.4;46.4;47.8;45.7;45.8;49.2;48.4;48.7;49.7;50.9;51.9;52.2;51.3;51.6;45.9;44.2;44.4;40.9;39.9;39.2;36.3;33.6;31.8;29.9;23.9;22.3;26.3;21.9;28.3;34.5;37.6;38.9;43.7;44.3;45.1;41.6;41.1;46.6;44.7;46.6;47.8;47.9;49.0;49.6;49.3;47.5;44.6;43.3;42.4;39.8;38.4;36.2;33.7;29.7;28.2;25.4;19.1;17.2;18.8;13.8
2024-10-14;14:49:24;58.3;57.4;;62.5;62.2;32.1;37.0;41.5;42.0;45.9;48.9;50.4;46.8;45.6;49.6;49.4;48.3;53.5;51.6;51.5;51.0;52.4;49.7;46.6;45.7;44.1;43.3;39.8;38.6;36.1;33.6;32.0;30.6;24.2;21.8;23.6;19.9;28.3;34.5;37.6;38.9;43.7;44.3;45.1;41.6;41.1;46.6;44.7;46.6;47.8;47.9;49.0;49.6;49.3;47.5;44.6;43.3;42.4;39.8;38.4;36.2;33.7;29.7;28.2;25.4;19.1;17.2;18.8;13.8
2024-10-14;14:49:25;58.3;58.8;;62.5;62.9;34.4;42.0;42.2;40.4;48.6;47.2;51.4;44.8;45.6;48.8;50.4;49.5;50.0;51.7;54.1;52.5;55.6;50.4;46.0;45.6;44.6;43.7;40.0;38.8;38.2;34.0;32.4;30.6;24.0;21.9;23.5;20.1;28.3;34.5;37.6;38.9;43.7;44.3;45.1;41.6;41.1;46.6;44.7;46.6;47.8;47.9;49.0;49.6;49.3;47.5;44.6;43.3;42.4;39.8;38.4;36.2;33.7;29.7;28.2;25.4;19.1;17.2;18.8;13.8
2024-10-14;14:49:26;58.3;58.6;;62.5;62.6;34.5;39.9;43.5;44.1;44.3;47.3;50.2;46.3;44.4;50.1;49.5;48.9;51.6;52.5;51.8;51.7;53.9;50.5;49.0;46.6;47.4;43.3;40.8;40.9;39.0;35.4;36.3;32.5;27.0;22.3;23.9;17.9;28.3;34.5;37.6;38.9;43.7;44.3;45.1;41.6;41.1;46.6;44.7;46.6;47.8;47.9;49.0;49.6;49.3;47.5;44.6;43.3;42.4;39.8;38.4;36.2;33.7;29.7;28.2;25.4;19.1;17.2;18.8;13.8
2024-10-14;14:49:27;58.3;58.0;;62.5;62.0;38.3;42.0;42.5;39.2;47.7;49.2;49.9;44.1;44.9;48.2;50.1;50.6;49.9;47.6;48.8;51.8;52.9;52.7;46.4;47.2;45.2;42.2;40.8;39.3;36.8;34.7;32.0;30.6;24.0;20.3;23.0;16.7;28.3;34.5;37.6;38.9;43.7;44.3;45.1;41.6;41.1;46.6;44.7;46.6;47.8;47.6;48.8;49.6;49.3;47.5;44.6;43.3;42.4;39.8;38.4;36.2;33.7;29.7;28.2;25.4;19.1;17.2;18.8;13.8
2024-10-14;14:49:28;58.6;64.3;;62.7;66.8;40.8;48.1;39.3;47.3;53.0;52.1;52.7;49.2;47.3;48.2;55.6;53.7;55.5;50.2;52.5;52.8;55.7;53.8;53.7;50.9;51.5;51.3;50.1;54.5;51.9;53.5;51.8;52.2;44.5;41.3;49.1;44.0;28.3;34.5;37.6;38.9;43.7;44.3;45.1;41.6;41.1;46.6;44.7;46.6;47.8;47.6;48.8;49.6;49.3;47.5;44.6;43.3;42.4;39.8;38.4;36.2;33.7;29.7;28.2;25.4;19.1;17.2;18.8;13.8
2024-10-14;14:49:29;58.6;57.8;;62.7;62.8;38.8;43.8;44.6;42.1;47.5;50.5;49.8;45.3;45.0;51.1;49.6;52.6;51.3;52.2;54.1;51.2;50.3;50.4;45.8;45.9;47.1;42.4;40.7;39.6;37.9;34.8;32.5;31.2;24.5;21.3;23.8;18.4;28.3;34.5;37.6;38.9;43.7;44.3;45.1;41.6;41.1;46.6;44.7;46.6;47.8;47.6;48.8;49.6;49.3;47.5;44.6;43.3;42.4;39.8;38.4;36.2;33.7;29.7;28.2;25.4;19.1;17.2;18.8;13.8
2024-10-14;14:49:30;58.6;59.8;;64.5;76.2;58.7;59.5;63.8;65.8;68.4;65.6;70.9;64.9;65.6;63.5;57.0;55.8;53.5;51.7;52.9;53.2;52.7;50.7;48.1;48.7;47.2;44.0;41.6;39.9;38.2;36.9;37.8;34.7;30.6;31.3;34.4;29.1;28.3;34.5;37.6;38.9;43.7;44.3;45.1;41.6;41.1;46.6;44.7;46.6;47.8;47.6;48.8;49.6;49.3;47.5;44.6;43.3;42.4;39.8;38.4;36.2;33.7;29.7;28.2;25.4;19.1;17.2;18.8;13.8
2024-10-14;14:49:31;58.6;58.5;;65.1;73.6;48.3;56.0;62.6;59.4;62.4;62.6;69.1;65.0;62.9;60.9;53.1;52.0;53.3;53.2;52.7;52.2;51.3;48.1;47.0;46.6;45.6;44.5;41.7;40.7;39.0;35.2;32.6;31.0;24.8;22.8;24.9;21.3;28.3;34.5;37.6;38.9;43.7;44.3;45.1;41.6;41.1;46.6;44.7;46.6;47.8;47.6;48.8;49.6;49.3;47.5;44.6;43.3;42.4;39.8;38.4;36.2;33.7;29.7;28.2;25.4;19.1;17.2;18.8;13.8
2024-10-14;14:49:32;58.7;61.6;;66.5;77.7;64.7;68.5;64.9;69.8;68.0;67.4;67.5;65.4;66.8;65.9;63.1;61.1;60.9;59.0;53.9;53.0;52.4;49.1;46.5;46.4;50.3;47.4;43.6;41.1;38.9;35.5;33.2;31.4;27.9;26.7;27.0;25.7;28.3;34.5;37.6;38.9;43.7;44.3;45.1;41.6;41.1;46.6;44.7;46.6;47.8;47.6;48.8;49.6;49.3;47.5;44.6;43.3;42.4;39.8;38.4;36.2;33.7;29.7;28.2;25.4;19.1;17.2;18.8;13.8
2024-10-14;14:49:33;58.7;59.0;;66.8;73.1;49.7;56.2;55.4;63.5;60.3;59.2;64.7;68.6;62.6;60.6;57.7;57.5;53.9;51.3;52.2;53.6;51.7;49.4;47.9;45.1;45.6;43.9;41.1;40.0;36.4;35.2;32.6;31.2;25.9;24.6;25.9;23.2;28.3;34.5;37.6;38.9;43.7;44.3;45.1;41.6;41.1;46.6;44.7;46.6;47.8;47.6;48.8;49.6;49.3;47.5;44.6;43.3;42.4;39.8;38.4;36.2;33.7;29.7;28.2;25.4;19.1;17.2;18.8;13.8
2024-10-14;14:49:34;59.0;65.0;;68.9;81.4;59.2;63.9;66.1;67.1;72.3;72.5;74.6;70.7;69.9;72.1;69.9;70.8;61.7;59.4;56.3;54.0;51.7;50.0;46.6;45.8;44.7;42.2;40.9;39.3;38.2;35.8;34.4;33.6;31.2;30.4;30.4;29.9;28.3;34.5;37.6;38.9;43.7;44.3;45.1;41.6;41.1;46.6;44.7;46.6;47.8;47.6;48.8;49.6;49.3;47.5;44.6;43.3;42.4;39.8;38.4;36.2;33.7;29.7;28.2;25.4;19.1;17.2;18.8;13.8
2024-10-14;14:49:35;59.0;58.1;;69.1;74.3;55.9;59.6;58.7;63.0;67.6;69.1;65.0;62.0;60.8;61.4;57.5;56.2;52.1;51.8;50.9;52.0;49.9;49.8;46.5;45.5;46.0;41.9;40.5;39.5;39.7;35.3;34.6;31.4;26.4;24.3;25.2;22.2;28.3;34.5;37.6;38.9;43.7;44.3;45.1;41.6;41.1;46.6;44.7;46.6;47.8;47.6;48.8;49.6;49.3;47.5;44.6;43.3;42.4;39.8;38.4;36.2;33.7;29.7;28.2;25.4;19.1;17.2;18.8;13.8
2024-10-14;14:49:36;59.0;59.9;;69.4;75.7;59.9;63.1;60.2;63.5;65.7;67.3;69.2;61.3;68.2;65.6;58.5;54.1;52.5;52.1;51.0;52.2;51.5;50.3;48.2;47.7;51.2;42.9;40.6;40.0;37.3;35.4;33.5;33.4;25.5;24.1;26.4;20.3;28.3;34.5;37.6;38.9;43.7;44.3;45.1;41.6;41.1;46.6;44.7;46.6;47.8;47.6;48.8;49.6;49.3;47.5;44.6;43.3;42.4;39.8;38.4;36.2;33.7;29.7;28.2;25.4;19.1;17.2;18.8;13.8
2024-10-14;14:49:37;59.3;65.7;;70.5;82.0;56.3;58.3;65.3;64.0;71.7;68.9;70.9;75.6;72.1;76.2;72.4;62.7;63.1;58.0;56.4;54.7;52.1;51.7;49.0;49.2;49.1;43.8;41.5;40.2;38.1;36.7;34.8;33.7;28.6;27.7;29.7;26.4;28.3;34.5;37.6;38.9;43.7;44.3;45.1;41.6;41.1;46.6;44.7;46.6;47.8;47.6;48.8;49.6;49.3;47.5;44.6;43.3;42.4;39.8;38.4;36.2;33.7;29.7;28.2;25.4;19.1;17.2;18.8;13.8
2024-10-14;14:49:38;59.3;59.6;;70.9;77.5;52.6;57.4;68.7;65.5;73.7;68.2;67.5;64.4;59.6;64.4;60.6;55.8;54.6;52.7;52.7;52.6;50.2;50.8;47.1;49.0;48.4;43.9;41.3;41.1;39.1;37.3;35.2;34.3;27.9;26.4;29.5;23.4;28.3;34.5;37.6;38.9;43.7;44.3;45.1;41.6;41.1;46.6;44.7;46.6;47.8;47.6;48.8;49.6;49.3;47.5;44.6;43.3;42.4;39.8;38.4;36.2;33.7;29.7;28.2;25.4;19.1;17.2;18.8;13.8
2024-10-14;14:49:39;59.3;58.1;;70.8;63.4;37.2;44.9;47.3;47.0;50.9;52.2;51.9;48.2;46.6;51.1;49.4;51.6;52.8;52.4;51.3;52.7;52.2;48.8;46.2;48.4;47.0;43.4;41.4;39.3;38.3;37.5;36.0;35.6;28.0;27.0;28.9;22.1;28.3;34.5;37.6;38.9;43.7;44.3;45.1;41.6;41.1;46.6;44.7;46.6;47.8;47.6;48.8;49.6;49.3;47.5;44.6;43.3;42.4;39.8;38.4;36.2;33.7;29.7;28.2;25.4;19.1;17.2;18.8;13.8
2024-10-14;14:49:40;59.3;58.5;;70.8;70.6;55.9;52.7;54.2;60.6;60.9;62.1;62.6;61.9;60.4;58.7;53.5;52.9;52.6;52.8;50.2;52.1;52.3;49.2;47.0;47.6;48.0;42.7;41.0;39.2;39.1;37.2;36.6;35.1;29.3;28.7;32.4;27.1;28.3;34.5;37.6;38.9;43.7;44.3;45.1;41.6;41.1;46.6;44.7;46.6;47.8;47.6;48.8;49.6;49.3;47.5;44.6;43.3;42.4;39.8;38.4;36.2;33.7;29.7;28.2;25.4;19.1;17.2;18.8;13.8
2024-10-14;14:49:41;59.3;61.0;;70.8;68.0;49.4;51.0;57.2;58.3;61.0;57.3;57.5;51.0;49.4;51.3;50.2;50.6;52.7;51.9;52.6;53.3;57.0;53.6;52.2;49.2;50.6;45.0;41.8;40.7;39.0;37.5;38.0;35.1;29.0;28.5;31.3;25.0;28.3;34.5;37.6;38.9;43.7;44.3;45.1;41.6;41.1;46.6;44.7;46.6;47.8;47.6;48.8;49.6;49.3;47.5;44.6;43.3;42.4;39.8;38.4;36.2;33.7;29.7;28.2;25.4;19.1;17.2;18.8;13.8
2024-10-14;14:49:42;59.3;60.4;;70.8;72.7;50.7;52.0;56.9;59.4;67.1;68.4;62.2;57.1;55.5;54.8;52.8;52.7;52.9;53.1;52.4;54.5;55.5;53.0;49.3;49.6;49.0;44.1;41.7;40.1;40.2;38.7;37.2;34.5;28.9;27.6;30.3;26.2;28.3;34.5;37.6;38.9;43.7;44.3;45.1;41.6;41.1;46.6;44.7;46.6;47.8;47.6;48.8;49.6;49.3;47.5;44.6;43.3;42.4;39.8;38.4;36.2;33.7;29.7;28.2;25.4;19.1;17.2;18.8;13.8
2024-10-14;14:49:43;59.3;60.2;;70.8;65.3;45.2;41.2;50.8;45.8;53.1;53.2;55.5;51.5;49.3;52.0;50.5;51.5;53.2;53.1;53.5;55.0;53.9;53.1;48.4;50.1;48.0;45.4;42.7;42.2;40.7;40.1;39.6;36.8;30.0;28.9;34.1;31.2;28.3;34.5;37.6;38.9;43.7;44.3;45.1;41.6;41.1;46.6;44.7;46.6;47.8;47.6;48.8;49.6;49.3;47.5;44.6;43.3;42.4;39.8;38.4;36.2;33.7;29.7;28.2;25.4;19.1;17.2;18.8;13.8
2024-10-14;14:49:44;59.3;59.2;;70.7;64.5;43.6;50.6;54.1;52.7;51.1;49.2;52.3;49.0;48.2;49.3;49.6;51.1;52.2;54.0;51.1;53.7;52.9;51.5;49.4;49.3;47.3;43.6;40.7;39.3;38.1;37.3;37.5;35.7;30.0;28.8;32.4;25.8;28.3;34.5;37.6;38.9;43.7;44.3;45.1;41.6;41.1;46.6;44.7;46.6;47.8;47.6;48.8;49.6;49.3;47.5;44.6;43.3;42.4;39.8;38.4;36.2;33.7;29.7;28.2;25.4;19.1;17.2;18.8;13.8
2024-10-14;14:49:47;;;STOP




