Descrizione: 
Condizione: Al chiuso con finestre aperte
Ambiente: Urbano
Sorgente: Voce
Meteo: Nuvoloso
Sensazione: Molto buono
Appropriato: Perfettamente
Motivo: Studio
Coordinate: -23.560204,-46.729826
Calibrazione: 24 dBA
Inizio misura: 2024-10-14 15:06:31
Fine misura: 2024-10-14 15:07:36
Durata: 00:01:05
LAeq(t): 59.9 dBA
Cloud: Si
===




Date;Time;LAeq(t);LAeq(1s);Marker;LZeq(t);LZeq(1s);LZeq_16;LZeq_20;LZeq_25;LZeq_31.5;LZeq_40;LZeq_50;LZeq_63;LZeq_80;LZeq_100;LZeq_125;LZeq_160;LZeq_200;LZeq_250;LZeq_315;LZeq_400;LZeq_500;LZeq_630;LZeq_800;LZeq_1000;LZeq_1250;LZeq_1600;LZeq_2000;LZeq_2500;LZeq_3150;LZeq_4000;LZeq_5000;LZeq_6300;LZeq_8000;LZeq_10000;LZeq_12500;LZeq_16000;LZeq_20000;LZmin_16;LZmin_20;LZmin_25;LZmin_31.5;LZmin_40;LZmin_50;LZmin_63;LZmin_80;LZmin_100;LZmin_125;LZmin_160;LZmin_200;LZmin_250;LZmin_315;LZmin_400;LZmin_500;LZmin_630;LZmin_800;LZmin_1000;LZmin_1250;LZmin_1600;LZmin_2000;LZmin_2500;LZmin_3150;LZmin_4000;LZmin_5000;LZmin_6300;LZmin_8000;LZmin_10000;LZmin_12500;LZmin_16000;LZmin_20000
2024-10-14;15:06:31;61.5;62.1;START;65.1;65.8;0.0;0.0;0.0;0.0;0.0;0.0;0.0;0.0;0.0;0.0;0.0;0.0;0.0;0.0;0.0;0.0;0.0;0.0;0.0;0.0;0.0;0.0;0.0;0.0;0.0;0.0;0.0;0.0;0.0;0.0;0.0;0.0;0.0;0.0;0.0;0.0;0.0;0.0;0.0;0.0;0.0;0.0;0.0;0.0;0.0;0.0;0.0;0.0;0.0;0.0;0.0;0.0;0.0;0.0;0.0;0.0;0.0;0.0;0.0;0.0;0.0;0.0;0.0;0.0
2024-10-14;15:06:32;61.1;60.6;;65.0;64.9;33.2;36.1;39.6;40.2;46.6;51.3;48.6;49.5;48.6;52.3;49.6;52.7;54.8;55.4;55.4;56.9;53.6;52.3;48.9;49.6;48.3;46.2;42.0;40.5;38.2;34.9;32.3;32.3;26.6;22.8;21.7;16.5;33.2;36.1;39.6;40.2;46.6;51.3;48.6;49.5;48.6;52.3;49.6;52.7;54.8;55.4;55.4;56.9;53.6;52.3;48.9;49.6;48.3;46.2;42.0;40.5;38.2;34.9;32.3;32.3;26.6;22.8;21.7;16.5
2024-10-14;15:06:33;61.3;61.7;;65.4;66.1;33.4;35.6;41.7;41.2;47.5;51.7;52.7;51.5;48.9;48.1;49.1;52.7;57.6;56.3;58.0;56.7;55.9;53.3;49.3;49.7;48.3;46.7;43.5;43.1;40.7;36.3;34.7;32.5;28.9;25.1;23.5;20.6;33.2;35.6;39.6;40.2;46.6;51.3;48.6;49.5;48.6;48.1;49.1;52.7;54.8;55.4;55.4;56.7;53.6;52.3;48.9;49.6;48.3;46.2;42.0;40.5;38.2;34.9;32.3;32.3;26.6;22.8;21.7;16.5
2024-10-14;15:06:34;61.2;60.9;;65.3;65.1;35.4;42.2;45.7;50.6;46.4;48.5;52.7;51.6;48.8;47.5;49.2;51.9;54.9;53.9;56.7;56.0;55.3;51.8;49.6;50.5;48.0;45.7;43.4;43.0;39.1;36.3;36.6;34.5;30.2;26.4;24.8;18.5;33.2;35.6;39.6;40.2;46.4;48.5;48.6;49.5;48.6;47.5;49.1;51.9;54.8;53.9;55.4;56.0;53.6;51.8;48.9;49.6;48.0;45.7;42.0;40.5;38.2;34.9;32.3;32.3;26.6;22.8;21.7;16.5
2024-10-14;15:06:35;61.0;59.9;;65.1;64.3;35.2;43.1;48.1;46.9;49.6;48.8;50.1;47.7;47.9;50.1;50.5;51.1;52.2;53.1;56.1;55.4;54.6;50.6;48.2;48.3;47.2;45.2;42.4;41.1;37.7;36.8;36.1;37.0;33.3;28.2;24.7;19.9;33.2;35.6;39.6;40.2;46.4;48.5;48.6;47.7;47.9;47.5;49.1;51.1;52.2;53.1;55.4;55.4;53.6;50.6;48.2;48.3;47.2;45.2;42.0;40.5;37.7;34.9;32.3;32.3;26.6;22.8;21.7;16.5
2024-10-14;15:06:36;60.7;59.1;;64.9;63.9;33.6;41.3;47.0;44.3;48.1;47.1;48.7;48.8;49.3;51.7;53.2;51.3;52.4;54.2;54.2;53.9;53.3;50.2;48.6;46.9;45.8;44.3;42.6;40.7;37.7;35.3;35.5;32.4;28.1;22.9;21.0;15.1;33.2;35.6;39.6;40.2;46.4;47.1;48.6;47.7;47.9;47.5;49.1;51.1;52.2;53.1;54.2;53.9;53.3;50.2;48.2;46.9;45.8;44.3;42.0;40.5;37.7;34.9;32.3;32.3;26.6;22.8;21.0;15.1
2024-10-14;15:06:37;60.7;60.7;;64.9;64.2;33.8;42.1;38.9;41.0;45.3;44.6;48.2;47.6;43.1;50.8;49.9;51.4;52.2;54.6;54.8;56.9;54.0;53.0;49.5;48.2;49.1;46.8;43.4;41.6;39.1;37.7;39.0;37.7;35.4;32.8;30.6;19.6;33.2;35.6;38.9;40.2;45.3;44.6;48.2;47.6;43.1;47.5;49.1;51.1;52.2;53.1;54.2;53.9;53.3;50.2;48.2;46.9;45.8;44.3;42.0;40.5;37.7;34.9;32.3;32.3;26.6;22.8;21.0;15.1
2024-10-14;15:06:38;60.5;58.7;;64.7;63.7;37.9;39.6;46.7;49.7;48.5;48.1;50.2;47.8;43.6;48.7;48.0;50.7;55.0;53.3;56.5;53.1;52.8;48.3;46.7;46.8;45.3;43.0;41.2;38.7;36.4;35.5;34.7;33.0;27.8;24.2;22.7;17.6;33.2;35.6;38.9;40.2;45.3;44.6;48.2;47.6;43.1;47.5;48.0;50.7;52.2;53.1;54.2;53.1;52.8;48.3;46.7;46.8;45.3;43.0;41.2;38.7;36.4;34.9;32.3;32.3;26.6;22.8;21.0;15.1
2024-10-14;15:06:39;60.5;60.2;;64.7;64.1;32.9;35.2;41.6;43.5;43.5;48.5;48.4;46.0;43.4;51.2;48.7;50.9;55.5;54.3;55.9;53.8;53.0;50.8;49.4;51.8;47.5;44.7;43.6;41.7;40.6;36.2;36.0;35.1;28.6;26.9;22.7;18.7;32.9;35.2;38.9;40.2;43.5;44.6;48.2;46.0;43.1;47.5;48.0;50.7;52.2;53.1;54.2;53.1;52.8;48.3;46.7;46.8;45.3;43.0;41.2;38.7;36.4;34.9;32.3;32.3;26.6;22.8;21.0;15.1
2024-10-14;15:06:40;60.4;59.9;;64.6;63.7;30.0;35.5;41.4;36.2;45.6;49.3;48.9;44.1;45.8;47.1;49.5;52.0;54.6;52.4;56.1;54.1;52.1;49.4;49.2;49.0;48.5;46.9;46.0;44.7;40.7;36.5;34.5;32.2;26.4;22.4;20.4;16.0;30.0;35.2;38.9;36.2;43.5;44.6;48.2;44.1;43.1;47.1;48.0;50.7;52.2;52.4;54.2;53.1;52.1;48.3;46.7;46.8;45.3;43.0;41.2;38.7;36.4;34.9;32.3;32.2;26.4;22.4;20.4;15.1
2024-10-14;15:06:41;60.6;62.3;;64.6;65.1;33.2;38.6;38.2;41.5;44.7;43.3;46.0;42.6;43.1;49.3;50.4;55.5;53.9;54.2;56.8;53.7;55.4;53.5;52.1;53.3;52.7;50.0;45.0;44.1;43.9;37.8;34.6;34.0;30.7;24.7;22.6;20.2;30.0;35.2;38.2;36.2;43.5;43.3;46.0;42.6;43.1;47.1;48.0;50.7;52.2;52.4;54.2;53.1;52.1;48.3;46.7;46.8;45.3;43.0;41.2;38.7;36.4;34.9;32.3;32.2;26.4;22.4;20.4;15.1
2024-10-14;15:06:42;60.9;63.2;;64.7;65.7;30.4;38.3;38.3;40.0;48.5;48.3;45.8;41.6;43.2;48.0;49.9;51.6;55.4;54.6;56.2;57.6;55.1;53.9;53.1;53.2;55.5;49.8;44.6;44.0;43.0;37.2;34.1;32.9;27.7;25.3;23.5;21.6;30.0;35.2;38.2;36.2;43.5;43.3;45.8;41.6;43.1;47.1;48.0;50.7;52.2;52.4;54.2;53.1;52.1;48.3;46.7;46.8;45.3;43.0;41.2;38.7;36.4;34.9;32.3;32.2;26.4;22.4;20.4;15.1
2024-10-14;15:06:43;61.1;63.1;;64.8;65.6;33.1;37.0;42.2;38.0;44.6;46.0;49.4;43.7;44.1;49.0;47.6;51.2;55.2;54.1;56.4;57.2;55.6;54.3;54.7;54.0;54.3;47.4;42.4;44.6;42.8;36.0;33.0;33.8;28.0;24.2;22.7;17.1;30.0;35.2;38.2;36.2;43.5;43.3;45.8;41.6;43.1;47.1;47.6;50.7;52.2;52.4;54.2;53.1;52.1;48.3;46.7;46.8;45.3;43.0;41.2;38.7;36.4;34.9;32.3;32.2;26.4;22.4;20.4;15.1
2024-10-14;15:06:44;61.0;60.0;;64.7;63.7;30.2;31.9;39.7;39.2;42.1;43.5;47.0;42.8;42.1;48.9;51.8;49.3;55.7;53.0;54.6;55.8;52.9;50.8;49.2;50.4;49.0;43.5;40.6;40.1;37.2;34.6;32.9;31.0;25.5;21.8;19.6;14.6;30.0;31.9;38.2;36.2;42.1;43.3;45.8;41.6;42.1;47.1;47.6;49.3;52.2;52.4;54.2;53.1;52.1;48.3;46.7;46.8;45.3;43.0;40.6;38.7;36.4;34.6;32.3;31.0;25.5;21.8;19.6;14.6
2024-10-14;15:06:45;61.0;59.9;;64.7;64.4;32.8;37.9;38.7;42.8;44.7;46.9;50.6;42.3;45.0;49.6;53.3;54.6;54.3;54.5;56.7;54.3;54.0;50.1;48.2;47.5;47.8;45.0;41.8;41.4;37.7;35.9;36.7;35.9;28.8;25.2;22.5;15.9;30.0;31.9;38.2;36.2;42.1;43.3;45.8;41.6;42.1;47.1;47.6;49.3;52.2;52.4;54.2;53.1;52.1;48.3;46.7;46.8;45.3;43.0;40.6;38.7;36.4;34.6;32.3;31.0;25.5;21.8;19.6;14.6
2024-10-14;15:06:46;60.9;60.6;;64.7;64.3;28.2;38.0;37.1;38.1;44.6;47.8;50.1;43.2;44.7;49.0;50.0;51.6;54.8;51.8;55.5;56.0;56.2;52.2;50.1;48.4;46.9;45.8;42.3;40.1;37.1;34.8;33.3;32.3;30.7;29.9;24.9;20.5;28.2;31.9;37.1;36.2;42.1;43.3;45.8;41.6;42.1;47.1;47.6;49.3;52.2;51.8;54.2;53.1;52.1;48.3;46.7;46.8;45.3;43.0;40.6;38.7;36.4;34.6;32.3;31.0;25.5;21.8;19.6;14.6
2024-10-14;15:06:47;60.9;61.1;;64.7;64.8;34.1;33.9;41.0;42.4;45.1;46.6;48.0;42.3;46.3;49.2;53.4;52.1;54.1;54.8;56.8;54.4;56.3;53.6;50.2;48.8;48.2;45.5;43.3;40.8;39.6;36.9;35.5;34.4;29.1;25.7;23.3;20.8;28.2;31.9;37.1;36.2;42.1;43.3;45.8;41.6;42.1;47.1;47.6;49.3;52.2;51.8;54.2;53.1;52.1;48.3;46.7;46.8;45.3;43.0;40.6;38.7;36.4;34.6;32.3;31.0;25.5;21.8;19.6;14.6
2024-10-14;15:06:48;61.1;63.4;;64.9;67.6;31.2;32.5;40.5;40.3;46.5;43.9;48.2;43.4;44.2;49.5;53.2;55.5;56.5;60.9;60.4;60.0;56.3;53.3;51.0;49.6;48.6;48.5;45.3;42.7;41.2;40.8;41.2;40.2;37.6;36.2;30.7;21.9;28.2;31.9;37.1;36.2;42.1;43.3;45.8;41.6;42.1;47.1;47.6;49.3;52.2;51.8;54.2;53.1;52.1;48.3;46.7;46.8;45.3;43.0;40.6;38.7;36.4;34.6;32.3;31.0;25.5;21.8;19.6;14.6
2024-10-14;15:06:49;61.1;61.2;;64.9;65.4;31.1;34.4;36.6;40.9;47.2;48.3;48.0;43.2;45.4;48.3;55.0;53.5;53.5;56.1;59.0;55.8;54.5;52.5;48.2;47.2;49.4;47.9;43.6;40.7;38.7;35.4;35.7;33.2;27.3;22.5;21.0;18.5;28.2;31.9;36.6;36.2;42.1;43.3;45.8;41.6;42.1;47.1;47.6;49.3;52.2;51.8;54.2;53.1;52.1;48.3;46.7;46.8;45.3;43.0;40.6;38.7;36.4;34.6;32.3;31.0;25.5;21.8;19.6;14.6
2024-10-14;15:06:50;61.1;60.2;;64.9;64.2;29.0;33.3;41.2;43.7;46.9;45.8;49.8;44.4;43.7;48.8;50.0;51.7;53.8;54.4;56.6;55.7;55.7;49.8;47.7;47.4;47.9;44.9;42.5;40.0;37.5;36.0;34.3;31.4;27.5;23.8;22.3;20.3;28.2;31.9;36.6;36.2;42.1;43.3;45.8;41.6;42.1;47.1;47.6;49.3;52.2;51.8;54.2;53.1;52.1;48.3;46.7;46.8;45.3;43.0;40.6;38.7;36.4;34.6;32.3;31.0;25.5;21.8;19.6;14.6
2024-10-14;15:06:51;61.1;61.3;;64.9;65.6;33.0;37.5;41.7;34.5;44.4;46.4;50.8;46.2;44.6;51.7;49.7;52.4;58.6;56.7;56.4;56.8;55.3;52.1;49.5;49.3;47.7;46.2;44.0;42.5;39.8;37.7;37.0;34.6;31.0;29.1;26.0;22.0;28.2;31.9;36.6;34.5;42.1;43.3;45.8;41.6;42.1;47.1;47.6;49.3;52.2;51.8;54.2;53.1;52.1;48.3;46.7;46.8;45.3;43.0;40.6;38.7;36.4;34.6;32.3;31.0;25.5;21.8;19.6;14.6
2024-10-14;15:06:52;61.1;61.2;;64.9;65.1;35.3;38.8;40.4;39.2;46.9;45.7;48.0;42.1;43.4;49.2;51.2;54.7;57.7;54.7;55.9;53.5;55.6;52.2;51.6;51.6;50.2;44.3;42.5;40.4;37.5;36.1;33.9;32.1;29.0;26.2;26.4;22.9;28.2;31.9;36.6;34.5;42.1;43.3;45.8;41.6;42.1;47.1;47.6;49.3;52.2;51.8;54.2;53.1;52.1;48.3;46.7;46.8;45.3;43.0;40.6;38.7;36.4;34.6;32.3;31.0;25.5;21.8;19.6;14.6
2024-10-14;15:06:53;61.1;61.0;;64.9;64.6;32.1;36.9;41.6;42.6;44.9;44.5;48.2;45.9;43.4;48.3;48.9;53.0;55.3;53.4;55.8;57.2;55.6;51.7;50.5;48.9;47.8;46.1;42.9;41.3;38.4;37.4;35.2;33.5;28.1;25.3;23.2;18.9;28.2;31.9;36.6;34.5;42.1;43.3;45.8;41.6;42.1;47.1;47.6;49.3;52.2;51.8;54.2;53.1;52.1;48.3;46.7;46.8;45.3;43.0;40.6;38.7;36.4;34.6;32.3;31.0;25.5;21.8;19.6;14.6
2024-10-14;15:06:54;61.1;61.3;;64.9;65.2;30.7;34.7;40.9;37.4;45.9;45.7;47.7;44.7;43.9;48.4;51.8;53.8;55.9;56.7;55.7;56.7;56.5;52.4;51.2;49.4;46.7;45.4;43.2;41.4;37.8;35.1;33.5;30.6;25.8;21.6;19.7;16.3;28.2;31.9;36.6;34.5;42.1;43.3;45.8;41.6;42.1;47.1;47.6;49.3;52.2;51.8;54.2;53.1;52.1;48.3;46.7;46.8;45.3;43.0;40.6;38.7;36.4;34.6;32.3;30.6;25.5;21.6;19.6;14.6
2024-10-14;15:06:55;61.2;63.3;;65.0;66.1;30.9;36.9;39.6;43.1;47.2;47.3;50.8;42.4;44.1;46.3;49.6;53.3;54.9;54.7;56.4;56.3;60.2;53.6;52.3;50.2;53.7;48.6;43.9;42.6;40.7;36.0;35.7;32.2;28.5;23.7;21.8;17.2;28.2;31.9;36.6;34.5;42.1;43.3;45.8;41.6;42.1;46.3;47.6;49.3;52.2;51.8;54.2;53.1;52.1;48.3;46.7;46.8;45.3;43.0;40.6;38.7;36.4;34.6;32.3;30.6;25.5;21.6;19.6;14.6
2024-10-14;15:06:56;61.1;59.1;;64.9;63.2;35.2;40.5;42.0;42.5;49.2;47.1;50.1;42.4;42.7;49.3;51.4;52.1;52.6;52.1;53.7;52.8;53.9;51.4;49.3;47.9;46.1;44.5;41.8;38.4;36.4;33.5;32.2;31.9;26.9;22.6;21.8;15.4;28.2;31.9;36.6;34.5;42.1;43.3;45.8;41.6;42.1;46.3;47.6;49.3;52.2;51.8;53.7;52.8;52.1;48.3;46.7;46.8;45.3;43.0;40.6;38.4;36.4;33.5;32.2;30.6;25.5;21.6;19.6;14.6
2024-10-14;15:06:57;61.1;60.5;;64.9;64.4;34.7;37.2;39.1;39.4;45.0;47.9;48.2;41.5;42.5;50.4;50.2;51.2;56.0;52.1;56.9;55.9;53.9;50.8;49.9;50.5;47.5;44.7;43.5;42.3;41.3;36.8;34.5;34.0;31.1;29.8;27.9;21.0;28.2;31.9;36.6;34.5;42.1;43.3;45.8;41.5;42.1;46.3;47.6;49.3;52.2;51.8;53.7;52.8;52.1;48.3;46.7;46.8;45.3;43.0;40.6;38.4;36.4;33.5;32.2;30.6;25.5;21.6;19.6;14.6
2024-10-14;15:06:58;61.1;60.1;;64.9;64.5;33.9;34.6;43.6;46.5;46.7;46.7;47.1;42.5;45.2;48.2;52.0;55.7;54.8;52.2;57.2;54.8;54.5;51.5;48.6;47.4;47.5;44.2;42.6;40.8;38.2;35.5;35.6;35.8;31.5;27.9;25.9;22.2;28.2;31.9;36.6;34.5;42.1;43.3;45.8;41.5;42.1;46.3;47.6;49.3;52.2;51.8;53.7;52.8;52.1;48.3;46.7;46.8;45.3;43.0;40.6;38.4;36.4;33.5;32.2;30.6;25.5;21.6;19.6;14.6
2024-10-14;15:06:59;61.0;59.4;;64.9;63.6;36.9;38.9;42.6;40.2;45.7;48.2;50.6;45.2;43.2;49.7;53.2;51.1;53.7;53.7;54.3;51.9;53.2;53.0;49.5;46.8;47.4;44.8;41.0;40.7;38.2;36.1;37.2;36.3;33.1;27.5;26.4;20.5;28.2;31.9;36.6;34.5;42.1;43.3;45.8;41.5;42.1;46.3;47.6;49.3;52.2;51.8;53.7;51.9;52.1;48.3;46.7;46.8;45.3;43.0;40.6;38.4;36.4;33.5;32.2;30.6;25.5;21.6;19.6;14.6
2024-10-14;15:07:00;61.0;58.6;;64.8;62.6;35.3;38.1;37.1;42.8;46.5;49.9;50.4;41.7;41.7;48.1;45.6;50.1;53.4;51.9;53.4;52.3;52.5;48.6;46.4;49.2;48.9;43.9;41.9;40.6;39.4;35.6;34.3;30.2;25.9;22.8;21.5;17.8;28.2;31.9;36.6;34.5;42.1;43.3;45.8;41.5;41.7;46.3;45.6;49.3;52.2;51.8;53.4;51.9;52.1;48.3;46.4;46.8;45.3;43.0;40.6;38.4;36.4;33.5;32.2;30.2;25.5;21.6;19.6;14.6
2024-10-14;15:07:01;60.9;58.9;;64.7;62.8;35.4;36.6;41.1;42.3;48.0;49.3;51.4;43.6;42.7;49.4;46.1;51.1;53.2;51.0;52.9;52.0;52.1;49.5;50.0;50.6;47.5;45.2;41.4;39.4;37.7;33.9;32.3;29.9;24.9;21.7;20.6;18.7;28.2;31.9;36.6;34.5;42.1;43.3;45.8;41.5;41.7;46.3;45.6;49.3;52.2;51.0;52.9;51.9;52.1;48.3;46.4;46.8;45.3;43.0;40.6;38.4;36.4;33.5;32.2;29.9;24.9;21.6;19.6;14.6
2024-10-14;15:07:02;60.9;60.2;;64.7;63.5;29.0;34.1;38.2;41.1;46.6;45.4;48.5;41.9;44.4;46.8;48.9;50.8;50.9;48.8;54.7;57.7;53.5;49.5;49.5;49.6;49.8;45.1;42.7;40.6;36.8;34.6;33.5;33.2;32.8;33.1;27.2;20.8;28.2;31.9;36.6;34.5;42.1;43.3;45.8;41.5;41.7;46.3;45.6;49.3;50.9;48.8;52.9;51.9;52.1;48.3;46.4;46.8;45.3;43.0;40.6;38.4;36.4;33.5;32.2;29.9;24.9;21.6;19.6;14.6
2024-10-14;15:07:03;60.9;61.6;;64.7;64.8;30.1;42.6;43.8;46.7;47.3;49.2;49.7;44.4;44.6;48.9;48.9;51.2;53.7;54.3;56.3;56.2;55.3;51.4;51.4;50.1;52.0;47.5;47.2;44.6;42.1;36.4;35.8;34.6;28.3;26.6;25.3;20.1;28.2;31.9;36.6;34.5;42.1;43.3;45.8;41.5;41.7;46.3;45.6;49.3;50.9;48.8;52.9;51.9;52.1;48.3;46.4;46.8;45.3;43.0;40.6;38.4;36.4;33.5;32.2;29.9;24.9;21.6;19.6;14.6
2024-10-14;15:07:04;60.9;60.1;;64.7;64.4;34.9;38.6;43.1;45.4;48.2;47.1;49.6;46.4;44.7;49.4;50.6;54.5;54.5;54.7;55.4;55.6;54.4;50.2;47.7;49.1;48.6;44.4;42.1;40.3;38.6;35.9;35.7;33.5;28.3;24.6;23.0;19.2;28.2;31.9;36.6;34.5;42.1;43.3;45.8;41.5;41.7;46.3;45.6;49.3;50.9;48.8;52.9;51.9;52.1;48.3;46.4;46.8;45.3;43.0;40.6;38.4;36.4;33.5;32.2;29.9;24.9;21.6;19.6;14.6
2024-10-14;15:07:05;60.9;59.5;;64.7;63.8;32.2;38.3;37.3;40.8;48.1;48.2;48.3;45.2;44.7;51.1;46.2;51.5;56.0;55.1;53.1;55.1;52.2;49.2;46.4;50.9;46.4;44.1;45.5;39.7;39.7;34.9;33.1;32.2;29.8;30.1;23.7;17.1;28.2;31.9;36.6;34.5;42.1;43.3;45.8;41.5;41.7;46.3;45.6;49.3;50.9;48.8;52.9;51.9;52.1;48.3;46.4;46.8;45.3;43.0;40.6;38.4;36.4;33.5;32.2;29.9;24.9;21.6;19.6;14.6
2024-10-14;15:07:06;60.8;58.0;;64.6;63.2;31.2;33.2;38.3;44.3;49.0;47.7;48.8;47.0;45.4;49.1;50.9;55.0;52.1;53.8;52.5;54.8;49.7;48.5;46.6;46.1;45.2;41.9;40.8;38.7;37.5;34.4;33.1;32.0;28.0;24.6;23.2;19.4;28.2;31.9;36.6;34.5;42.1;43.3;45.8;41.5;41.7;46.3;45.6;49.3;50.9;48.8;52.5;51.9;49.7;48.3;46.4;46.1;45.2;41.9;40.6;38.4;36.4;33.5;32.2;29.9;24.9;21.6;19.6;14.6
2024-10-14;15:07:07;60.8;59.8;;64.6;64.1;31.0;35.6;41.3;41.6;45.7;49.0;51.0;45.4;44.8;50.9;50.0;52.8;54.3;54.1;54.2;55.7;53.6;49.6;48.4;47.7;48.1;45.6;44.3;41.5;42.5;37.6;36.9;36.3;35.8;28.7;27.6;20.5;28.2;31.9;36.6;34.5;42.1;43.3;45.8;41.5;41.7;46.3;45.6;49.3;50.9;48.8;52.5;51.9;49.7;48.3;46.4;46.1;45.2;41.9;40.6;38.4;36.4;33.5;32.2;29.9;24.9;21.6;19.6;14.6
2024-10-14;15:07:08;60.8;59.9;;64.6;63.7;31.0;29.7;36.7;41.8;46.8;49.4;51.3;45.6;46.5;50.9;48.8;50.8;53.5;54.0;53.8;53.8;52.5;50.4;50.4;51.7;47.6;44.4;43.9;42.5;43.4;35.4;34.2;31.7;27.2;24.1;22.2;18.3;28.2;29.7;36.6;34.5;42.1;43.3;45.8;41.5;41.7;46.3;45.6;49.3;50.9;48.8;52.5;51.9;49.7;48.3;46.4;46.1;45.2;41.9;40.6;38.4;36.4;33.5;32.2;29.9;24.9;21.6;19.6;14.6
2024-10-14;15:07:09;60.7;58.5;;64.6;63.2;33.0;37.4;43.1;40.7;51.2;51.5;51.9;49.0;45.6;47.0;47.1;49.8;51.2;53.4;53.4;53.1;52.4;50.2;49.0;46.6;46.1;44.5;40.8;40.1;37.9;34.9;33.0;30.8;25.9;23.1;22.7;18.0;28.2;29.7;36.6;34.5;42.1;43.3;45.8;41.5;41.7;46.3;45.6;49.3;50.9;48.8;52.5;51.9;49.7;48.3;46.4;46.1;45.2;41.9;40.6;38.4;36.4;33.5;32.2;29.9;24.9;21.6;19.6;14.6
2024-10-14;15:07:10;60.7;58.6;;64.6;63.2;32.7;35.7;38.2;36.9;50.0;51.2;50.5;46.2;45.0;50.4;48.9;51.3;52.5;54.8;53.0;53.1;51.8;47.4;47.2;50.1;47.5;42.8;40.6;39.6;38.0;34.7;37.5;35.5;31.6;28.7;28.3;21.8;28.2;29.7;36.6;34.5;42.1;43.3;45.8;41.5;41.7;46.3;45.6;49.3;50.9;48.8;52.5;51.9;49.7;47.4;46.4;46.1;45.2;41.9;40.6;38.4;36.4;33.5;32.2;29.9;24.9;21.6;19.6;14.6
2024-10-14;15:07:11;60.6;58.9;;64.5;63.9;29.7;34.2;36.4;40.9;47.7;48.5;52.4;44.7;45.5;51.0;53.8;52.6;54.3;53.6;54.2;54.0;52.9;47.2;47.6;46.1;46.3;44.2;42.8;43.3;40.0;40.2;38.0;35.8;32.2;31.8;30.0;24.2;28.2;29.7;36.4;34.5;42.1;43.3;45.8;41.5;41.7;46.3;45.6;49.3;50.9;48.8;52.5;51.9;49.7;47.2;46.4;46.1;45.2;41.9;40.6;38.4;36.4;33.5;32.2;29.9;24.9;21.6;19.6;14.6
2024-10-14;15:07:12;60.6;59.7;;64.5;65.0;34.5;36.8;38.8;38.6;46.2;51.2;50.1;44.8;46.8;51.8;53.7;57.4;55.7;53.7;55.7;54.9;53.2;49.9;48.4;46.7;47.2;44.0;41.4;40.8;38.0;36.8;37.5;36.0;33.6;29.7;29.2;22.8;28.2;29.7;36.4;34.5;42.1;43.3;45.8;41.5;41.7;46.3;45.6;49.3;50.9;48.8;52.5;51.9;49.7;47.2;46.4;46.1;45.2;41.9;40.6;38.4;36.4;33.5;32.2;29.9;24.9;21.6;19.6;14.6
2024-10-14;15:07:13;60.6;58.6;;64.5;62.3;33.3;38.1;35.0;43.6;46.3;45.0;46.8;44.6;43.7;48.1;48.3;50.0;51.8;51.0;53.8;53.7;52.4;49.4;47.6;47.2;45.5;44.8;44.0;41.7;38.5;35.8;35.4;37.1;34.4;28.1;25.4;19.9;28.2;29.7;35.0;34.5;42.1;43.3;45.8;41.5;41.7;46.3;45.6;49.3;50.9;48.8;52.5;51.9;49.7;47.2;46.4;46.1;45.2;41.9;40.6;38.4;36.4;33.5;32.2;29.9;24.9;21.6;19.6;14.6
2024-10-14;15:07:14;60.6;60.2;;64.5;64.2;36.0;37.2;39.9;44.4;45.6;49.8;51.0;48.2;48.4;52.7;50.2;51.9;55.1;51.1;53.6;55.4;50.3;50.0;47.4;48.3;47.9;44.6;41.4;39.9;40.6;35.9;54.3;32.4;28.2;29.4;25.0;22.7;28.2;29.7;35.0;34.5;42.1;43.3;45.8;41.5;41.7;46.3;45.6;49.3;50.9;48.8;52.5;51.9;49.7;47.2;46.4;46.1;45.2;41.9;40.6;38.4;36.4;33.5;32.2;29.9;24.9;21.6;19.6;14.6
2024-10-14;15:07:15;60.5;59.0;;64.5;64.1;29.2;37.8;37.4;42.7;46.8;50.2;47.9;44.2;43.2;52.1;50.0;57.8;54.6;51.9;53.3;54.3;50.9;49.3;47.4;46.9;45.6;45.2;43.9;42.6;42.6;39.0;37.2;33.9;28.7;24.6;23.0;17.4;28.2;29.7;35.0;34.5;42.1;43.3;45.8;41.5;41.7;46.3;45.6;49.3;50.9;48.8;52.5;51.9;49.7;47.2;46.4;46.1;45.2;41.9;40.6;38.4;36.4;33.5;32.2;29.9;24.9;21.6;19.6;14.6
2024-10-14;15:07:16;60.5;58.9;;64.5;63.3;30.9;33.0;41.8;44.3;49.6;47.4;50.0;43.8;44.5;51.1;49.3;52.0;53.4;52.3;53.5;54.8;51.6;49.3;49.5;46.8;46.9;44.2;42.8;42.1;39.1;36.6;36.0;36.5;32.2;29.7;28.1;20.5;28.2;29.7;35.0;34.5;42.1;43.3;45.8;41.5;41.7;46.3;45.6;49.3;50.9;48.8;52.5;51.9;49.7;47.2;46.4;46.1;45.2;41.9;40.6;38.4;36.4;33.5;32.2;29.9;24.9;21.6;19.6;14.6
2024-10-14;15:07:17;60.5;59.7;;64.5;64.3;34.2;33.3;37.4;43.7;47.5;50.8;50.4;44.2;46.6;49.9;48.0;52.2;53.8;57.8;55.0;53.8;52.3;49.6;48.9;47.7;47.0;45.0;44.4;42.3;41.5;38.0;36.0;35.8;33.2;27.7;26.3;20.2;28.2;29.7;35.0;34.5;42.1;43.3;45.8;41.5;41.7;46.3;45.6;49.3;50.9;48.8;52.5;51.9;49.7;47.2;46.4;46.1;45.2;41.9;40.6;38.4;36.4;33.5;32.2;29.9;24.9;21.6;19.6;14.6
2024-10-14;15:07:18;60.5;59.3;;64.5;63.8;31.0;33.2;38.0;41.7;47.4;53.1;51.3;45.5;43.9;50.9;49.4;50.2;52.6;55.9;53.9;52.9;52.9;49.9;48.6;48.5;47.0;45.7;43.5;42.2;39.1;35.9;33.4;30.9;27.0;21.9;18.9;15.0;28.2;29.7;35.0;34.5;42.1;43.3;45.8;41.5;41.7;46.3;45.6;49.3;50.9;48.8;52.5;51.9;49.7;47.2;46.4;46.1;45.2;41.9;40.6;38.4;36.4;33.5;32.2;29.9;24.9;21.6;18.9;14.6
2024-10-14;15:07:19;60.4;56.9;;64.4;62.6;33.5;38.0;44.7;46.0;52.7;54.2;50.0;45.9;44.9;50.0;48.2;50.4;50.5;51.2;50.5;52.5;50.2;49.0;46.7;45.3;44.0;42.9;39.3;37.2;34.1;31.1;29.7;27.6;23.4;19.0;17.0;14.2;28.2;29.7;35.0;34.5;42.1;43.3;45.8;41.5;41.7;46.3;45.6;49.3;50.5;48.8;50.5;51.9;49.7;47.2;46.4;45.3;44.0;41.9;39.3;37.2;34.1;31.1;29.7;27.6;23.4;19.0;17.0;14.2
2024-10-14;15:07:20;60.4;55.9;;64.4;61.2;34.1;40.8;42.0;43.8;50.3;46.6;50.7;46.0;42.3;45.3;46.7;50.5;51.6;49.9;50.5;50.6;50.5;47.1;45.5;43.7;42.9;41.8;38.4;35.7;33.7;31.3;29.2;27.7;25.3;20.3;19.4;16.9;28.2;29.7;35.0;34.5;42.1;43.3;45.8;41.5;41.7;45.3;45.6;49.3;50.5;48.8;50.5;50.6;49.7;47.1;45.5;43.7;42.9;41.8;38.4;35.7;33.7;31.1;29.2;27.6;23.4;19.0;17.0;14.2
2024-10-14;15:07:21;60.3;57.6;;64.3;62.2;34.4;35.2;40.0;44.6;47.3;47.1;48.0;46.5;43.7;49.8;50.3;51.1;51.6;51.9;52.5;52.7;50.4;49.9;46.3;46.5;44.5;42.9;40.8;38.9;36.2;33.5;33.7;33.5;29.2;26.4;23.6;17.2;28.2;29.7;35.0;34.5;42.1;43.3;45.8;41.5;41.7;45.3;45.6;49.3;50.5;48.8;50.5;50.6;49.7;47.1;45.5;43.7;42.9;41.8;38.4;35.7;33.7;31.1;29.2;27.6;23.4;19.0;17.0;14.2
2024-10-14;15:07:22;60.3;58.2;;64.3;62.5;32.9;35.9;39.7;42.9;47.0;51.3;50.6;46.9;42.8;48.4;49.0;48.4;51.6;51.9;52.7;53.8;51.7;48.8;46.6;48.5;46.4;42.9;41.0;38.1;36.2;34.2;36.4;37.0;31.2;26.8;23.0;17.4;28.2;29.7;35.0;34.5;42.1;43.3;45.8;41.5;41.7;45.3;45.6;48.4;50.5;48.8;50.5;50.6;49.7;47.1;45.5;43.7;42.9;41.8;38.4;35.7;33.7;31.1;29.2;27.6;23.4;19.0;17.0;14.2
2024-10-14;15:07:23;60.3;58.8;;64.3;62.9;26.5;34.3;39.3;40.8;47.8;50.3;48.2;47.6;45.3;47.8;47.8;50.1;53.9;52.9;52.2;53.4;52.9;50.1;47.8;47.5;47.1;43.9;42.1;44.3;39.4;35.6;33.8;35.8;27.9;23.6;21.1;16.3;26.5;29.7;35.0;34.5;42.1;43.3;45.8;41.5;41.7;45.3;45.6;48.4;50.5;48.8;50.5;50.6;49.7;47.1;45.5;43.7;42.9;41.8;38.4;35.7;33.7;31.1;29.2;27.6;23.4;19.0;17.0;14.2
2024-10-14;15:07:24;60.3;59.2;;64.3;62.6;31.2;37.3;39.7;39.9;43.7;50.9;48.9;41.7;42.5;46.7;48.4;48.7;52.5;51.9;51.0;54.6;52.3;50.6;50.7;49.5;46.5;44.6;40.8;42.5;38.8;35.0;31.9;31.4;24.1;22.5;20.1;15.2;26.5;29.7;35.0;34.5;42.1;43.3;45.8;41.5;41.7;45.3;45.6;48.4;50.5;48.8;50.5;50.6;49.7;47.1;45.5;43.7;42.9;41.8;38.4;35.7;33.7;31.1;29.2;27.6;23.4;19.0;17.0;14.2
2024-10-14;15:07:25;60.2;58.2;;64.2;62.2;31.4;35.3;38.7;41.0;50.2;50.8;48.3;47.4;44.0;45.2;48.8;48.6;50.4;49.4;51.3;53.4;54.1;49.1;48.3;46.9;45.2;43.4;40.3;39.0;35.6;32.6;31.2;28.7;23.9;21.0;19.2;17.7;26.5;29.7;35.0;34.5;42.1;43.3;45.8;41.5;41.7;45.2;45.6;48.4;50.4;48.8;50.5;50.6;49.7;47.1;45.5;43.7;42.9;41.8;38.4;35.7;33.7;31.1;29.2;27.6;23.4;19.0;17.0;14.2
2024-10-14;15:07:26;60.2;57.8;;64.2;61.7;27.8;35.6;36.1;41.8;46.1;48.1;50.7;48.3;43.8;47.3;45.5;47.2;51.3;49.3;52.0;52.1;51.1;50.7;48.1;47.2;46.7;43.1;40.6;38.3;36.1;33.2;30.8;27.7;23.2;21.0;19.4;17.1;26.5;29.7;35.0;34.5;42.1;43.3;45.8;41.5;41.7;45.2;45.5;47.2;50.4;48.8;50.5;50.6;49.7;47.1;45.5;43.7;42.9;41.8;38.4;35.7;33.7;31.1;29.2;27.6;23.2;19.0;17.0;14.2
2024-10-14;15:07:27;60.2;58.0;;64.2;61.9;32.6;33.4;40.7;42.3;48.1;50.1;49.0;46.7;42.6;46.9;48.8;49.4;50.3;50.5;50.8;54.1;49.9;48.0;48.2;47.9;46.8;44.3;42.7;40.9;38.8;35.2;33.0;29.2;24.2;19.9;18.0;14.2;26.5;29.7;35.0;34.5;42.1;43.3;45.8;41.5;41.7;45.2;45.5;47.2;50.3;48.8;50.5;50.6;49.7;47.1;45.5;43.7;42.9;41.8;38.4;35.7;33.7;31.1;29.2;27.6;23.2;19.0;17.0;14.2
2024-10-14;15:07:28;60.1;58.7;;64.2;63.3;32.0;35.6;39.6;43.7;50.0;53.2;51.3;43.2;41.4;47.3;48.3;51.2;52.7;51.1;52.3;56.1;52.1;49.0;47.4;47.5;46.0;44.7;42.1;39.2;37.1;33.6;31.8;29.1;25.5;21.1;19.7;18.0;26.5;29.7;35.0;34.5;42.1;43.3;45.8;41.5;41.4;45.2;45.5;47.2;50.3;48.8;50.5;50.6;49.7;47.1;45.5;43.7;42.9;41.8;38.4;35.7;33.7;31.1;29.2;27.6;23.2;19.0;17.0;14.2
2024-10-14;15:07:29;60.1;59.2;;64.2;63.7;28.7;37.3;35.4;46.0;46.8;51.0;50.1;43.4;45.1;49.6;48.8;51.7;53.6;54.3;55.7;54.5;53.2;49.5;47.0;46.8;46.7;45.0;42.5;40.0;38.8;34.9;32.8;30.3;25.1;22.2;19.8;16.7;26.5;29.7;35.0;34.5;42.1;43.3;45.8;41.5;41.4;45.2;45.5;47.2;50.3;48.8;50.5;50.6;49.7;47.1;45.5;43.7;42.9;41.8;38.4;35.7;33.7;31.1;29.2;27.6;23.2;19.0;17.0;14.2
2024-10-14;15:07:30;60.1;58.6;;64.1;63.1;28.8;31.6;40.1;42.8;50.0;47.7;50.4;44.0;43.8;48.3;49.7;51.2;51.9;54.1;54.5;53.3;52.0;51.3;46.0;46.8;45.4;44.4;41.7;39.4;37.9;35.0;33.0;31.1;26.0;20.9;18.6;13.6;26.5;29.7;35.0;34.5;42.1;43.3;45.8;41.5;41.4;45.2;45.5;47.2;50.3;48.8;50.5;50.6;49.7;47.1;45.5;43.7;42.9;41.8;38.4;35.7;33.7;31.1;29.2;27.6;23.2;19.0;17.0;13.6
2024-10-14;15:07:31;60.1;56.9;;64.1;61.8;32.1;36.2;38.4;36.8;49.1;50.8;48.3;44.7;42.8;47.2;49.3;50.1;51.7;50.7;51.6;52.6;51.4;47.0;45.3;45.1;44.6;44.2;39.5;37.3;35.8;34.1;32.3;29.1;24.5;20.7;18.9;14.9;26.5;29.7;35.0;34.5;42.1;43.3;45.8;41.5;41.4;45.2;45.5;47.2;50.3;48.8;50.5;50.6;49.7;47.0;45.3;43.7;42.9;41.8;38.4;35.7;33.7;31.1;29.2;27.6;23.2;19.0;17.0;13.6
2024-10-14;15:07:32;60.0;56.8;;64.1;61.4;31.8;37.6;40.2;39.6;48.4;48.4;47.5;39.6;41.3;45.6;49.7;50.1;52.2;49.9;52.6;51.8;50.6;48.2;46.8;44.8;43.9;41.5;38.7;37.7;38.5;33.8;32.2;28.7;24.1;20.1;18.8;14.6;26.5;29.7;35.0;34.5;42.1;43.3;45.8;39.6;41.3;45.2;45.5;47.2;50.3;48.8;50.5;50.6;49.7;47.0;45.3;43.7;42.9;41.5;38.4;35.7;33.7;31.1;29.2;27.6;23.2;19.0;17.0;13.6
2024-10-14;15:07:33;60.0;59.2;;64.1;63.1;31.4;32.6;39.2;44.4;48.7;51.5;49.9;46.8;41.3;47.6;48.8;50.9;51.4;49.3;54.1;54.3;53.9;52.1;47.5;47.1;48.0;44.2;42.0;40.2;36.8;34.8;32.1;28.5;23.4;19.5;17.5;14.2;26.5;29.7;35.0;34.5;42.1;43.3;45.8;39.6;41.3;45.2;45.5;47.2;50.3;48.8;50.5;50.6;49.7;47.0;45.3;43.7;42.9;41.5;38.4;35.7;33.7;31.1;29.2;27.6;23.2;19.0;17.0;13.6
2024-10-14;15:07:34;60.0;58.0;;64.0;61.8;30.8;36.5;39.4;44.9;46.8;49.9;47.2;41.4;42.2;45.1;47.9;50.6;51.3;50.1;51.8;51.6;52.8;49.7;47.6;47.1;47.4;43.6;40.7;39.1;37.4;35.5;39.7;29.4;24.1;20.6;18.5;14.1;26.5;29.7;35.0;34.5;42.1;43.3;45.8;39.6;41.3;45.1;45.5;47.2;50.3;48.8;50.5;50.6;49.7;47.0;45.3;43.7;42.9;41.5;38.4;35.7;33.7;31.1;29.2;27.6;23.2;19.0;17.0;13.6
2024-10-14;15:07:35;60.0;56.6;;64.0;61.1;31.1;36.7;39.0;45.1;44.6;49.2;48.3;42.4;43.2;46.4;48.0;47.4;49.7;50.6;53.2;52.0;50.5;47.4;44.6;44.9;44.4;41.9;39.2;36.6;34.6;31.3;30.3;27.6;23.5;18.7;18.1;13.9;26.5;29.7;35.0;34.5;42.1;43.3;45.8;39.6;41.3;45.1;45.5;47.2;49.7;48.8;50.5;50.6;49.7;47.0;44.6;43.7;42.9;41.5;38.4;35.7;33.7;31.1;29.2;27.6;23.2;18.7;17.0;13.6
2024-10-14;15:07:36;59.9;57.1;;64.0;62.4;32.4;31.9;43.1;43.8;47.7;48.5;52.8;45.7;42.7;46.6;49.7;51.2;53.5;51.9;53.3;51.7;49.2;48.0;44.9;47.5;45.1;42.0;38.8;38.7;38.2;35.1;32.8;30.7;29.8;22.5;21.7;20.1;26.5;29.7;35.0;34.5;42.1;43.3;45.8;39.6;41.3;45.1;45.5;47.2;49.7;48.8;50.5;50.6;49.2;47.0;44.6;43.7;42.9;41.5;38.4;35.7;33.7;31.1;29.2;27.6;23.2;18.7;17.0;13.6
2024-10-14;15:07:37;;;PAUSE;;;;;;;;;;;;;;;;;;;;;;;;;;;;;;;;;;;;;;;;;;;;;;;;;;;;;;;;;;;;;;;;;;
2024-10-14;15:07:38;;;PAUSE;;;;;;;;;;;;;;;;;;;;;;;;;;;;;;;;;;;;;;;;;;;;;;;;;;;;;;;;;;;;;;;;;;
2024-10-14;15:07:39;;;PAUSE;;;;;;;;;;;;;;;;;;;;;;;;;;;;;;;;;;;;;;;;;;;;;;;;;;;;;;;;;;;;;;;;;;
2024-10-14;15:07:40;;;PAUSE;;;;;;;;;;;;;;;;;;;;;;;;;;;;;;;;;;;;;;;;;;;;;;;;;;;;;;;;;;;;;;;;;;
2024-10-14;15:07:41;;;PAUSE;;;;;;;;;;;;;;;;;;;;;;;;;;;;;;;;;;;;;;;;;;;;;;;;;;;;;;;;;;;;;;;;;;
2024-10-14;15:07:42;;;PAUSE;;;;;;;;;;;;;;;;;;;;;;;;;;;;;;;;;;;;;;;;;;;;;;;;;;;;;;;;;;;;;;;;;;
2024-10-14;15:07:43;;;PAUSE;;;;;;;;;;;;;;;;;;;;;;;;;;;;;;;;;;;;;;;;;;;;;;;;;;;;;;;;;;;;;;;;;;
2024-10-14;15:07:44;;;PAUSE;;;;;;;;;;;;;;;;;;;;;;;;;;;;;;;;;;;;;;;;;;;;;;;;;;;;;;;;;;;;;;;;;;
2024-10-14;15:07:45;;;STOP





