Description: 
Condition: Indoor with open windows
Environment: Urban
Source: Voice
Weather: Cloudy
Feeling: Good
Appropriate: Perfectly
Reason: Study
Coordinates: -23.560219,-46.729836
Calibration: 24 dBA
Measure start: 2024-10-14 15:06:30
Measure stop: 2024-10-14 15:07:31
Duration: 00:01:01
LAeq(t): 59.2 dBA
Cloud: Yes
===



Date;Time;LAeq(t);LAeq(1s);Marker;LZeq(t);LZeq(1s);LZeq_16;LZeq_20;LZeq_25;LZeq_31.5;LZeq_40;LZeq_50;LZeq_63;LZeq_80;LZeq_100;LZeq_125;LZeq_160;LZeq_200;LZeq_250;LZeq_315;LZeq_400;LZeq_500;LZeq_630;LZeq_800;LZeq_1000;LZeq_1250;LZeq_1600;LZeq_2000;LZeq_2500;LZeq_3150;LZeq_4000;LZeq_5000;LZeq_6300;LZeq_8000;LZeq_10000;LZeq_12500;LZeq_16000;LZeq_20000;LZmin_16;LZmin_20;LZmin_25;LZmin_31.5;LZmin_40;LZmin_50;LZmin_63;LZmin_80;LZmin_100;LZmin_125;LZmin_160;LZmin_200;LZmin_250;LZmin_315;LZmin_400;LZmin_500;LZmin_630;LZmin_800;LZmin_1000;LZmin_1250;LZmin_1600;LZmin_2000;LZmin_2500;LZmin_3150;LZmin_4000;LZmin_5000;LZmin_6300;LZmin_8000;LZmin_10000;LZmin_12500;LZmin_16000;LZmin_20000
2024-10-14;15:06:30;62.1;62.3;START;65.0;65.0;28.0;36.3;38.2;37.2;43.8;44.7;48.3;49.2;47.3;50.8;48.8;51.5;56.3;54.1;55.2;54.1;52.4;52.2;51.5;55.0;55.6;44.3;42.7;44.5;41.7;36.0;34.5;33.2;23.3;19.0;21.0;17.4;28.0;36.3;38.2;37.2;43.8;44.7;48.3;49.2;47.3;50.8;48.8;51.5;56.3;54.1;55.2;54.1;52.4;52.2;51.5;55.0;55.6;44.3;42.7;44.5;41.7;36.0;34.5;33.2;23.3;19.0;21.0;17.4
2024-10-14;15:06:31;61.5;60.7;;64.7;64.5;30.0;32.3;38.4;38.5;44.0;47.7;48.2;50.5;46.7;48.8;51.4;51.7;54.1;52.8;55.9;57.1;53.9;51.8;49.1;50.3;49.0;45.9;43.3;41.8;39.0;37.0;36.4;34.9;25.8;22.6;27.1;20.3;28.0;32.3;38.2;37.2;43.8;44.7;48.2;49.2;46.7;48.8;48.8;51.5;54.1;52.8;55.2;54.1;52.4;51.8;49.1;50.3;49.0;44.3;42.7;41.8;39.0;36.0;34.5;33.2;23.3;19.0;21.0;17.4
2024-10-14;15:06:32;61.1;60.3;;64.6;64.4;31.6;34.4;40.6;44.8;45.6;47.6;47.2;50.0;48.2;48.4;50.6;52.8;55.5;53.9;55.6;54.5;55.2;51.4;49.0;48.3;47.3;46.2;43.1;42.5;42.0;37.6;36.7;34.5;24.0;18.7;21.7;15.3;28.0;32.3;38.2;37.2;43.8;44.7;47.2;49.2;46.7;48.4;48.8;51.5;54.1;52.8;55.2;54.1;52.4;51.4;49.0;48.3;47.3;44.3;42.7;41.8;39.0;36.0;34.5;33.2;23.3;18.7;21.0;15.3
2024-10-14;15:06:33;61.1;61.1;;64.8;65.4;32.1;40.7;45.4;47.2;47.2;47.0;49.6;50.7;47.7;46.8;52.6;54.0;53.4;53.1;59.4;56.8;53.8;50.8;49.1;49.8;48.4;45.6;43.5;43.4;39.0;36.1;37.5;35.0;25.4;20.6;22.9;17.6;28.0;32.3;38.2;37.2;43.8;44.7;47.2;49.2;46.7;46.8;48.8;51.5;53.4;52.8;55.2;54.1;52.4;50.8;49.0;48.3;47.3;44.3;42.7;41.8;39.0;36.0;34.5;33.2;23.3;18.7;21.0;15.3
2024-10-14;15:06:34;60.8;59.4;;64.5;63.2;34.3;39.9;41.2;44.8;45.2;46.7;48.8;45.6;45.7;46.8;50.8;51.0;53.4;52.1;52.8;54.3;54.3;50.6;48.4;49.3;46.3;44.1;42.8;42.0;38.8;36.6;36.3;34.5;25.9;20.6;24.1;18.6;28.0;32.3;38.2;37.2;43.8;44.7;47.2;45.6;45.7;46.8;48.8;51.0;53.4;52.1;52.8;54.1;52.4;50.6;48.4;48.3;46.3;44.1;42.7;41.8;38.8;36.0;34.5;33.2;23.3;18.7;21.0;15.3
2024-10-14;15:06:35;60.6;59.5;;64.4;63.8;34.1;39.2;39.5;44.9;44.5;46.6;50.4;47.2;50.5;49.4;53.0;50.5;52.9;52.7;54.7;55.0;53.1;52.2;48.7;46.4;45.9;44.2;43.1;41.5;38.0;36.4;37.9;35.0;26.3;20.1;23.2;17.1;28.0;32.3;38.2;37.2;43.8;44.7;47.2;45.6;45.7;46.8;48.8;50.5;52.9;52.1;52.8;54.1;52.4;50.6;48.4;46.4;45.9;44.1;42.7;41.5;38.0;36.0;34.5;33.2;23.3;18.7;21.0;15.3
2024-10-14;15:06:36;60.5;59.5;;64.3;63.4;32.0;37.4;40.9;40.5;43.1;45.6;47.8;47.1;46.7;48.2;50.5;51.4;53.3;53.9;55.1;54.2;52.2;50.9;49.0;47.9;47.5;44.2;43.0;42.1;39.7;39.7;39.5;37.8;28.4;25.0;29.8;20.4;28.0;32.3;38.2;37.2;43.1;44.7;47.2;45.6;45.7;46.8;48.8;50.5;52.9;52.1;52.8;54.1;52.2;50.6;48.4;46.4;45.9;44.1;42.7;41.5;38.0;36.0;34.5;33.2;23.3;18.7;21.0;15.3
2024-10-14;15:06:37;60.3;58.5;;64.1;62.5;30.5;36.2;37.5;41.7;40.2;44.0;46.4;42.2;46.9;46.5;48.8;51.8;51.9;52.7;55.2;53.6;51.9;50.1;47.5;46.8;45.3;42.9;41.5;40.2;38.0;35.3;36.2;33.2;24.6;21.6;23.9;19.8;28.0;32.3;37.5;37.2;40.2;44.0;46.4;42.2;45.7;46.5;48.8;50.5;51.9;52.1;52.8;53.6;51.9;50.1;47.5;46.4;45.3;42.9;41.5;40.2;38.0;35.3;34.5;33.2;23.3;18.7;21.0;15.3
2024-10-14;15:06:38;60.2;58.9;;64.0;63.0;31.0;31.2;38.6;38.7;45.8;44.8;46.5;40.2;44.4;48.6;49.0;49.5;55.0;53.3;55.4;53.5;52.3;49.8;46.2;48.5;46.4;42.9;41.1;40.8;37.8;36.4;37.7;35.3;25.1;20.2;21.9;17.2;28.0;31.2;37.5;37.2;40.2;44.0;46.4;40.2;44.4;46.5;48.8;49.5;51.9;52.1;52.8;53.5;51.9;49.8;46.2;46.4;45.3;42.9;41.1;40.2;37.8;35.3;34.5;33.2;23.3;18.7;21.0;15.3
2024-10-14;15:06:39;60.1;59.6;;63.9;63.3;33.2;37.5;41.3;41.0;42.6;45.4;47.0;45.0;43.9;46.8;48.6;53.2;53.9;52.0;56.2;53.6;51.5;48.6;48.0;48.5;47.6;46.7;46.5;44.7;42.1;37.5;37.1;33.3;24.6;20.2;22.6;18.3;28.0;31.2;37.5;37.2;40.2;44.0;46.4;40.2;43.9;46.5;48.6;49.5;51.9;52.0;52.8;53.5;51.5;48.6;46.2;46.4;45.3;42.9;41.1;40.2;37.8;35.3;34.5;33.2;23.3;18.7;21.0;15.3
2024-10-14;15:06:40;60.0;59.0;;63.8;62.8;29.4;35.4;40.9;39.4;43.5;44.5;47.9;41.1;44.1;47.2;49.0;50.3;50.3;53.5;56.7;52.4;53.0;48.5;47.8;47.4;47.2;44.2;43.9;41.4;39.2;35.4;34.5;32.2;24.1;18.9;20.5;16.2;28.0;31.2;37.5;37.2;40.2;44.0;46.4;40.2;43.9;46.5;48.6;49.5;50.3;52.0;52.8;52.4;51.5;48.5;46.2;46.4;45.3;42.9;41.1;40.2;37.8;35.3;34.5;32.2;23.3;18.7;20.5;15.3
2024-10-14;15:06:41;60.4;63.5;;64.0;65.4;32.0;31.4;38.7;37.9;44.4;43.9;41.9;44.4;43.0;45.6;48.2;49.7;53.5;54.2;58.1;55.8;54.0;54.1;52.8;54.3;56.4;51.4;46.4;44.7;44.7;38.4;36.2;34.6;25.3;20.9;22.2;19.3;28.0;31.2;37.5;37.2;40.2;43.9;41.9;40.2;43.0;45.6;48.2;49.5;50.3;52.0;52.8;52.4;51.5;48.5;46.2;46.4;45.3;42.9;41.1;40.2;37.8;35.3;34.5;32.2;23.3;18.7;20.5;15.3
2024-10-14;15:06:42;60.6;62.0;;64.0;64.6;29.2;34.1;38.5;38.7;44.1;43.5;47.2;40.8;43.4;48.3;50.1;50.4;54.9;52.0;55.0;56.8;55.3;51.6;52.8;52.0;53.3;47.4;43.2;43.0;42.4;36.1;35.1;33.2;25.7;22.4;23.1;21.4;28.0;31.2;37.5;37.2;40.2;43.5;41.9;40.2;43.0;45.6;48.2;49.5;50.3;52.0;52.8;52.4;51.5;48.5;46.2;46.4;45.3;42.9;41.1;40.2;37.8;35.3;34.5;32.2;23.3;18.7;20.5;15.3
2024-10-14;15:06:43;60.5;59.6;;64.0;63.0;29.5;32.9;38.7;35.3;40.7;45.3;44.5;43.8;42.9;48.7;49.2;49.1;53.6;52.2;54.5;54.3;53.1;50.0;49.9;50.6;49.0;43.4;42.0;40.8;38.0;34.4;34.4;33.1;24.1;19.9;20.7;17.7;28.0;31.2;37.5;35.3;40.2;43.5;41.9;40.2;42.9;45.6;48.2;49.1;50.3;52.0;52.8;52.4;51.5;48.5;46.2;46.4;45.3;42.9;41.1;40.2;37.8;34.4;34.4;32.2;23.3;18.7;20.5;15.3
2024-10-14;15:06:44;60.4;59.2;;64.0;63.7;28.0;33.6;34.7;35.4;43.0;44.9;47.1;44.9;43.9;49.1;51.8;54.4;52.6;55.7;55.7;52.6;53.4;49.6;47.6;46.6;46.2;44.5;42.0;41.6;40.0;36.5;37.1;35.1;24.7;18.9;21.6;15.2;28.0;31.2;34.7;35.3;40.2;43.5;41.9;40.2;42.9;45.6;48.2;49.1;50.3;52.0;52.8;52.4;51.5;48.5;46.2;46.4;45.3;42.9;41.1;40.2;37.8;34.4;34.4;32.2;23.3;18.7;20.5;15.2
2024-10-14;15:06:45;60.3;58.2;;63.9;62.3;29.4;29.2;38.4;42.3;44.0;47.3;46.2;41.8;44.5;50.0;48.8;50.0;52.4;51.8;53.6;53.3;51.8;50.8;47.7;46.4;44.6;43.1;40.5;39.9;37.5;34.4;34.1;31.5;24.9;19.1;20.2;16.3;28.0;29.2;34.7;35.3;40.2;43.5;41.9;40.2;42.9;45.6;48.2;49.1;50.3;51.8;52.8;52.4;51.5;48.5;46.2;46.4;44.6;42.9;40.5;39.9;37.5;34.4;34.1;31.5;23.3;18.7;20.2;15.2
2024-10-14;15:06:46;60.3;60.4;;63.9;64.2;36.2;39.1;41.2;39.5;44.5;44.5;44.3;42.0;44.8;47.8;52.6;52.2;54.2;54.6;56.2;54.9;54.0;52.9;49.4;48.7;48.1;44.3;42.1;40.7;40.7;38.4;37.1;34.4;26.1;22.2;23.0;20.5;28.0;29.2;34.7;35.3;40.2;43.5;41.9;40.2;42.9;45.6;48.2;49.1;50.3;51.8;52.8;52.4;51.5;48.5;46.2;46.4;44.6;42.9;40.5;39.9;37.5;34.4;34.1;31.5;23.3;18.7;20.2;15.2
2024-10-14;15:06:47;60.4;61.6;;64.0;65.9;30.7;35.5;34.9;39.1;43.8;45.8;48.0;43.2;43.3;49.5;54.5;51.9;52.6;59.7;59.1;57.1;54.0;50.7;50.3;48.1;47.3;47.1;43.5;43.1;41.6;41.9;43.3;40.5;31.7;27.8;29.5;22.4;28.0;29.2;34.7;35.3;40.2;43.5;41.9;40.2;42.9;45.6;48.2;49.1;50.3;51.8;52.8;52.4;51.5;48.5;46.2;46.4;44.6;42.9;40.5;39.9;37.5;34.4;34.1;31.5;23.3;18.7;20.2;15.2
2024-10-14;15:06:48;60.5;61.1;;64.1;65.1;29.5;32.8;37.4;37.1;42.2;44.4;47.4;42.3;44.4;50.4;50.7;51.2;53.6;56.5;60.2;55.5;53.6;51.1;48.1;47.4;47.0;48.2;44.4;42.7;40.2;37.7;39.2;36.3;25.8;20.8;22.8;18.1;28.0;29.2;34.7;35.3;40.2;43.5;41.9;40.2;42.9;45.6;48.2;49.1;50.3;51.8;52.8;52.4;51.5;48.5;46.2;46.4;44.6;42.9;40.5;39.9;37.5;34.4;34.1;31.5;23.3;18.7;20.2;15.2
2024-10-14;15:06:49;60.4;59.1;;64.0;62.9;31.6;35.5;38.8;40.6;42.2;45.9;47.4;41.8;42.6;46.0;50.6;51.3;51.3;52.5;55.4;54.0;54.4;49.4;45.8;47.7;47.2;44.8;42.7;40.3;38.2;36.0;35.9;32.0;22.4;17.9;20.6;15.5;28.0;29.2;34.7;35.3;40.2;43.5;41.9;40.2;42.6;45.6;48.2;49.1;50.3;51.8;52.8;52.4;51.5;48.5;45.8;46.4;44.6;42.9;40.5;39.9;37.5;34.4;34.1;31.5;22.4;17.9;20.2;15.2
2024-10-14;15:06:50;60.4;59.4;;64.0;63.9;29.5;34.3;39.6;38.9;46.9;46.9;51.8;45.1;46.1;52.1;49.9;52.1;53.8;54.9;55.0;54.6;52.5;49.6;48.4;47.8;47.4;45.1;42.1;41.4;39.7;40.8;37.7;34.7;26.9;23.2;24.5;21.4;28.0;29.2;34.7;35.3;40.2;43.5;41.9;40.2;42.6;45.6;48.2;49.1;50.3;51.8;52.8;52.4;51.5;48.5;45.8;46.4;44.6;42.9;40.5;39.9;37.5;34.4;34.1;31.5;22.4;17.9;20.2;15.2
2024-10-14;15:06:51;60.3;60.0;;64.0;63.9;33.5;38.6;39.2;40.2;47.9;46.0;49.1;43.8;43.0;50.0;49.6;52.9;55.8;54.4;53.8;53.4;53.3;50.2;50.5;50.6;49.2;44.3;42.3;41.4;38.9;36.9;35.6;32.0;24.1;20.1;21.6;17.7;28.0;29.2;34.7;35.3;40.2;43.5;41.9;40.2;42.6;45.6;48.2;49.1;50.3;51.8;52.8;52.4;51.5;48.5;45.8;46.4;44.6;42.9;40.5;39.9;37.5;34.4;34.1;31.5;22.4;17.9;20.2;15.2
2024-10-14;15:06:52;60.3;59.9;;64.0;63.5;27.7;29.7;33.7;38.4;45.3;45.9;45.8;43.0;43.4;48.8;50.3;53.0;53.7;52.6;55.4;54.8;52.8;51.3;50.1;48.5;47.0;45.6;44.4;42.3;39.2;37.2;36.8;35.2;27.1;21.0;23.4;16.2;27.7;29.2;33.7;35.3;40.2;43.5;41.9;40.2;42.6;45.6;48.2;49.1;50.3;51.8;52.8;52.4;51.5;48.5;45.8;46.4;44.6;42.9;40.5;39.9;37.5;34.4;34.1;31.5;22.4;17.9;20.2;15.2
2024-10-14;15:06:53;60.3;59.9;;64.0;63.7;30.5;33.2;37.6;39.8;42.8;43.0;47.9;44.2;44.9;50.9;51.1;52.2;52.3;54.1;55.3;54.9;54.5;51.0;49.6;48.2;46.5;44.7;43.6;41.8;38.4;37.2;36.7;33.7;23.5;19.8;21.0;18.0;27.7;29.2;33.7;35.3;40.2;43.0;41.9;40.2;42.6;45.6;48.2;49.1;50.3;51.8;52.8;52.4;51.5;48.5;45.8;46.4;44.6;42.9;40.5;39.9;37.5;34.4;34.1;31.5;22.4;17.9;20.2;15.2
2024-10-14;15:06:54;60.3;60.4;;64.0;63.6;32.4;35.1;38.6;38.7;42.5;44.9;47.8;43.2;43.9;48.6;50.3;53.1;51.9;54.5;53.8;53.4;53.4;53.4;49.5;50.4;51.2;44.4;42.4;42.5;42.1;36.0;35.6;32.7;23.5;19.4;21.0;17.8;27.7;29.2;33.7;35.3;40.2;43.0;41.9;40.2;42.6;45.6;48.2;49.1;50.3;51.8;52.8;52.4;51.5;48.5;45.8;46.4;44.6;42.9;40.5;39.9;37.5;34.4;34.1;31.5;22.4;17.9;20.2;15.2
2024-10-14;15:06:55;60.3;58.9;;63.9;62.8;28.9;30.4;40.9;37.7;44.0;45.2;50.5;42.3;41.7;48.1;50.5;51.0;52.1;51.3;52.5;56.0;52.9;50.4;48.6;47.4;44.9;43.1;40.5;40.1;37.0;34.1;34.3;31.7;23.5;19.8;22.2;17.8;27.7;29.2;33.7;35.3;40.2;43.0;41.9;40.2;41.7;45.6;48.2;49.1;50.3;51.3;52.5;52.4;51.5;48.5;45.8;46.4;44.6;42.9;40.5;39.9;37.0;34.1;34.1;31.5;22.4;17.9;20.2;15.2
2024-10-14;15:06:56;60.2;59.0;;63.9;63.3;34.8;38.7;39.8;42.6;46.2;44.0;46.9;41.7;43.5;51.7;51.0;49.9;54.8;51.4;56.8;52.8;51.5;49.8;47.8;48.1;45.8;44.0;42.7;42.2;40.8;37.2;35.6;33.8;26.3;22.1;23.6;20.1;27.7;29.2;33.7;35.3;40.2;43.0;41.9;40.2;41.7;45.6;48.2;49.1;50.3;51.3;52.5;52.4;51.5;48.5;45.8;46.4;44.6;42.9;40.5;39.9;37.0;34.1;34.1;31.5;22.4;17.9;20.2;15.2
2024-10-14;15:06:57;60.2;58.4;;63.9;62.6;33.8;42.6;39.6;41.7;44.5;44.7;47.7;40.2;40.4;48.2;50.4;51.0;53.3;52.2;54.8;52.7;52.4;50.0;46.8;46.1;45.1;43.9;42.2;41.5;38.7;36.5;34.8;32.6;23.3;18.9;20.8;16.6;27.7;29.2;33.7;35.3;40.2;43.0;41.9;40.2;40.4;45.6;48.2;49.1;50.3;51.3;52.5;52.4;51.5;48.5;45.8;46.1;44.6;42.9;40.5;39.9;37.0;34.1;34.1;31.5;22.4;17.9;20.2;15.2
2024-10-14;15:06:58;60.1;58.8;;63.8;62.4;31.0;28.7;40.9;41.0;42.6;45.2;46.8;40.7;43.0;48.8;47.4;50.0;53.2;53.3;54.1;50.1;51.7;52.9;49.1;47.0;45.8;44.3;41.1;40.8;38.5;36.4;36.7;34.8;25.6;19.8;21.7;16.8;27.7;28.7;33.7;35.3;40.2;43.0;41.9;40.2;40.4;45.6;47.4;49.1;50.3;51.3;52.5;50.1;51.5;48.5;45.8;46.1;44.6;42.9;40.5;39.9;37.0;34.1;34.1;31.5;22.4;17.9;20.2;15.2
2024-10-14;15:06:59;60.1;58.5;;63.8;61.9;32.7;34.2;35.7;39.9;41.9;47.2;45.6;40.9;41.6;47.0;47.5;48.3;53.0;51.3;53.4;52.6;51.8;48.8;45.7;50.6;47.0;44.2;41.8;42.0;39.3;36.9;35.6;30.8;23.0;19.2;22.5;16.6;27.7;28.7;33.7;35.3;40.2;43.0;41.9;40.2;40.4;45.6;47.4;48.3;50.3;51.3;52.5;50.1;51.5;48.5;45.7;46.1;44.6;42.9;40.5;39.9;37.0;34.1;34.1;30.8;22.4;17.9;20.2;15.2
2024-10-14;15:07:00;60.1;59.0;;63.7;62.2;31.1;32.7;39.1;42.5;43.4;45.7;46.4;42.7;45.0;49.4;47.5;50.1;52.3;50.4;52.5;52.6;51.4;49.5;49.9;51.7;48.1;44.3;40.8;40.0;37.7;34.8;35.0;31.7;22.5;19.6;21.8;18.0;27.7;28.7;33.7;35.3;40.2;43.0;41.9;40.2;40.4;45.6;47.4;48.3;50.3;50.4;52.5;50.1;51.4;48.5;45.7;46.1;44.6;42.9;40.5;39.9;37.0;34.1;34.1;30.8;22.4;17.9;20.2;15.2
2024-10-14;15:07:01;60.0;59.0;;63.7;62.6;32.4;35.6;37.2;34.9;42.5;47.2;45.6;43.5;43.7;47.2;47.3;49.7;50.8;49.1;54.9;56.4;52.9;48.6;46.4;47.9;47.4;44.8;41.9;41.0;36.6;34.0;34.8;31.9;26.5;23.4;21.8;16.0;27.7;28.7;33.7;34.9;40.2;43.0;41.9;40.2;40.4;45.6;47.3;48.3;50.3;49.1;52.5;50.1;51.4;48.5;45.7;46.1;44.6;42.9;40.5;39.9;36.6;34.0;34.1;30.8;22.4;17.9;20.2;15.2
2024-10-14;15:07:02;60.1;60.9;;63.7;64.2;36.7;38.4;43.3;47.2;44.9;43.3;47.6;44.3;44.0;49.7;50.5;49.6;53.1;51.4;56.3;56.8;54.3;50.1;50.5;49.5;50.2;47.3;46.1;44.0;41.9;36.8;35.3;32.3;26.0;24.1;24.4;23.4;27.7;28.7;33.7;34.9;40.2;43.0;41.9;40.2;40.4;45.6;47.3;48.3;50.3;49.1;52.5;50.1;51.4;48.5;45.7;46.1;44.6;42.9;40.5;39.9;36.6;34.0;34.1;30.8;22.4;17.9;20.2;15.2
2024-10-14;15:07:03;60.0;58.6;;63.7;62.3;31.2;38.1;38.8;42.4;44.1;45.6;44.6;43.8;44.3;48.2;48.8;50.1;52.4;52.3;53.4;53.0;53.1;49.7;47.6;47.2;46.9;43.1;41.7;39.6;38.5;36.1;39.8;37.2;28.1;23.8;30.6;21.0;27.7;28.7;33.7;34.9;40.2;43.0;41.9;40.2;40.4;45.6;47.3;48.3;50.3;49.1;52.5;50.1;51.4;48.5;45.7;46.1;44.6;42.9;40.5;39.6;36.6;34.0;34.1;30.8;22.4;17.9;20.2;15.2
2024-10-14;15:07:04;60.0;58.6;;63.7;62.4;26.6;35.8;36.2;41.3;43.4;43.9;48.5;44.6;42.8;47.9;48.2;47.7;54.3;53.3;53.1;53.0;51.8;48.5;46.7;49.6;46.4;44.0;43.4;40.3;40.2;35.8;35.3;32.1;25.0;21.6;23.4;20.1;26.6;28.7;33.7;34.9;40.2;43.0;41.9;40.2;40.4;45.6;47.3;47.7;50.3;49.1;52.5;50.1;51.4;48.5;45.7;46.1;44.6;42.9;40.5;39.6;36.6;34.0;34.1;30.8;22.4;17.9;20.2;15.2
2024-10-14;15:07:05;59.9;57.3;;63.6;61.9;31.0;37.2;39.2;44.9;43.8;47.5;49.5;45.3;44.6;46.9;49.2;51.7;51.3;52.3;52.3;53.5;48.7;47.3;46.5;46.6;45.0;42.3;42.0;38.2;38.5;34.5;33.8;31.2;22.7;18.2;20.3;15.1;26.6;28.7;33.7;34.9;40.2;43.0;41.9;40.2;40.4;45.6;47.3;47.7;50.3;49.1;52.3;50.1;48.7;47.3;45.7;46.1;44.6;42.3;40.5;38.2;36.6;34.0;33.8;30.8;22.4;17.9;20.2;15.1
2024-10-14;15:07:06;59.9;57.9;;63.6;62.3;32.1;37.6;39.2;43.0;46.5;45.5;49.2;45.0;42.6;49.7;48.7;49.6;53.8;52.3;53.0;53.2;51.3;47.9;46.7;46.4;45.5;42.5;42.8;40.6;38.4;35.9;38.0;32.4;23.5;18.4;20.8;16.3;26.6;28.7;33.7;34.9;40.2;43.0;41.9;40.2;40.4;45.6;47.3;47.7;50.3;49.1;52.3;50.1;48.7;47.3;45.7;46.1;44.6;42.3;40.5;38.2;36.6;34.0;33.8;30.8;22.4;17.9;20.2;15.1
2024-10-14;15:07:07;59.9;59.2;;63.6;62.4;28.5;33.7;33.1;39.1;43.6;43.2;48.0;41.9;45.5;50.1;49.5;48.5;51.8;52.2;53.2;52.6;51.3;49.6;48.2;51.5;48.4;45.1;43.9;42.0;42.7;36.7;36.0;32.4;24.4;20.7;22.1;19.3;26.6;28.7;33.1;34.9;40.2;43.0;41.9;40.2;40.4;45.6;47.3;47.7;50.3;49.1;52.3;50.1;48.7;47.3;45.7;46.1;44.6;42.3;40.5;38.2;36.6;34.0;33.8;30.8;22.4;17.9;20.2;15.1
2024-10-14;15:07:08;59.8;57.7;;63.5;62.0;33.3;38.5;37.8;40.9;45.1;47.3;49.2;42.7;46.1;50.0;50.1;49.0;51.7;52.0;53.1;52.0;50.7;48.1;47.3;46.0;46.1;44.8;42.2;41.1;39.1;35.7;34.5;31.1;21.3;17.5;19.3;16.1;26.6;28.7;33.1;34.9;40.2;43.0;41.9;40.2;40.4;45.6;47.3;47.7;50.3;49.1;52.3;50.1;48.7;47.3;45.7;46.0;44.6;42.3;40.5;38.2;36.6;34.0;33.8;30.8;21.3;17.5;19.3;15.1
2024-10-14;15:07:09;59.8;57.7;;63.5;62.1;35.1;38.6;38.3;42.5;48.2;47.8;49.7;46.5;43.9;47.3;50.3;49.7;51.4;51.1;53.3;53.0;50.9;47.5;47.2;47.6;46.1;42.1;40.6;38.6;38.1;34.4;34.2;31.5;22.8;19.9;21.2;17.9;26.6;28.7;33.1;34.9;40.2;43.0;41.9;40.2;40.4;45.6;47.3;47.7;50.3;49.1;52.3;50.1;48.7;47.3;45.7;46.0;44.6;42.1;40.5;38.2;36.6;34.0;33.8;30.8;21.3;17.5;19.3;15.1
2024-10-14;15:07:10;59.7;57.7;;63.5;62.4;32.4;36.1;38.5;36.7;42.2;48.2;50.5;44.2;42.3;50.3;48.3;51.5;54.3;51.9;53.2;52.2;50.1;45.2;46.1;46.4;47.4;44.1;42.9;42.1;39.8;35.3;35.2;32.0;22.6;18.4;20.6;16.5;26.6;28.7;33.1;34.9;40.2;43.0;41.9;40.2;40.4;45.6;47.3;47.7;50.3;49.1;52.3;50.1;48.7;45.2;45.7;46.0;44.6;42.1;40.5;38.2;36.6;34.0;33.8;30.8;21.3;17.5;19.3;15.1
2024-10-14;15:07:11;59.7;58.7;;63.5;63.6;30.0;37.2;35.8;36.7;45.6;44.0;47.0;42.5;44.0;48.2;50.0;54.3;55.9;55.3;55.1;52.8;51.2;49.0;46.8;46.5;46.9;43.0;41.3;41.0;38.4;36.2;37.4;34.6;27.2;22.7;24.6;19.4;26.6;28.7;33.1;34.9;40.2;43.0;41.9;40.2;40.4;45.6;47.3;47.7;50.3;49.1;52.3;50.1;48.7;45.2;45.7;46.0;44.6;42.1;40.5;38.2;36.6;34.0;33.8;30.8;21.3;17.5;19.3;15.1
2024-10-14;15:07:12;59.7;57.0;;63.4;61.4;31.0;33.5;41.5;43.1;42.7;45.9;49.6;40.3;41.4;48.6;48.7;50.2;51.8;50.1;52.1;52.1;51.2;48.3;45.3;45.9;44.3;42.1;40.2;38.2;37.1;33.4;34.7;31.5;22.3;17.3;19.9;13.5;26.6;28.7;33.1;34.9;40.2;43.0;41.9;40.2;40.4;45.6;47.3;47.7;50.3;49.1;52.1;50.1;48.7;45.2;45.3;45.9;44.3;42.1;40.2;38.2;36.6;33.4;33.8;30.8;21.3;17.3;19.3;13.5
2024-10-14;15:07:13;59.7;59.4;;63.4;62.8;34.4;36.1;37.9;43.4;45.7;47.7;48.8;44.9;46.6;49.2;49.9;51.4;51.8;50.0;52.3;53.3;50.4;48.3;45.9;48.5;46.4;44.9;41.1;40.0;42.3;36.6;54.3;31.6;23.7;22.4;21.8;18.5;26.6;28.7;33.1;34.9;40.2;43.0;41.9;40.2;40.4;45.6;47.3;47.7;50.3;49.1;52.1;50.1;48.7;45.2;45.3;45.9;44.3;42.1;40.2;38.2;36.6;33.4;33.8;30.8;21.3;17.3;19.3;13.5
2024-10-14;15:07:14;59.6;58.0;;63.4;62.1;30.5;32.2;38.2;36.4;45.6;48.2;50.0;43.8;43.5;48.6;49.7;49.2;51.3;50.1;52.6;54.7;50.7;47.3;45.9;46.2;44.8;43.9;43.4;42.6;43.3;39.3;41.2;33.4;24.4;17.7;20.5;13.6;26.6;28.7;33.1;34.9;40.2;43.0;41.9;40.2;40.4;45.6;47.3;47.7;50.3;49.1;52.1;50.1;48.7;45.2;45.3;45.9;44.3;42.1;40.2;38.2;36.6;33.4;33.8;30.8;21.3;17.3;19.3;13.5
2024-10-14;15:07:15;59.6;58.2;;63.4;62.0;32.7;37.7;38.8;43.0;43.0;48.3;49.9;39.9;42.3;47.3;47.0;51.2;50.2;51.4;53.3;52.8;51.4;48.0;48.9;46.1;46.0;43.6;43.0;42.3;41.5;37.6;35.7;31.9;23.4;19.0;21.2;16.7;26.6;28.7;33.1;34.9;40.2;43.0;41.9;39.9;40.4;45.6;47.0;47.7;50.2;49.1;52.1;50.1;48.7;45.2;45.3;45.9;44.3;42.1;40.2;38.2;36.6;33.4;33.8;30.8;21.3;17.3;19.3;13.5
2024-10-14;15:07:16;59.6;58.4;;63.4;62.5;34.0;38.2;39.0;39.7;47.4;49.0;48.3;45.9;43.7;47.3;49.1;49.4;51.1;53.8;54.0;52.2;51.6;49.1;47.5;47.2;46.6;43.6;43.0;41.7;41.6;37.8;35.9;33.7;27.4;22.1;27.1;20.1;26.6;28.7;33.1;34.9;40.2;43.0;41.9;39.9;40.4;45.6;47.0;47.7;50.2;49.1;52.1;50.1;48.7;45.2;45.3;45.9;44.3;42.1;40.2;38.2;36.6;33.4;33.8;30.8;21.3;17.3;19.3;13.5
2024-10-14;15:07:17;59.6;59.0;;63.4;63.3;35.1;38.6;40.7;43.1;43.9;48.3;50.3;44.0;45.5;51.9;49.9;50.0;52.2;55.1;54.0;52.4;51.9;50.1;47.6;47.5;46.6;46.0;44.9;43.8;42.0;38.2;36.7;33.6;24.6;20.0;23.6;17.3;26.6;28.7;33.1;34.9;40.2;43.0;41.9;39.9;40.4;45.6;47.0;47.7;50.2;49.1;52.1;50.1;48.7;45.2;45.3;45.9;44.3;42.1;40.2;38.2;36.6;33.4;33.8;30.8;21.3;17.3;19.3;13.5
2024-10-14;15:07:18;59.5;57.0;;63.3;62.0;33.0;36.7;41.2;44.2;49.2;48.7;47.7;45.5;44.0;49.9;49.5;49.2;50.6;53.8;51.9;52.3;50.6;47.8;46.2;45.0;44.1;42.2;41.2;38.4;35.7;32.4;32.0;29.1;21.1;16.6;18.1;15.1;26.6;28.7;33.1;34.9;40.2;43.0;41.9;39.9;40.4;45.6;47.0;47.7;50.2;49.1;51.9;50.1;48.7;45.2;45.3;45.0;44.1;42.1;40.2;38.2;35.7;32.4;32.0;29.1;21.1;16.6;18.1;13.5
2024-10-14;15:07:19;59.5;54.8;;63.3;59.8;32.8;37.0;36.9;39.7;47.8;48.5;47.2;45.7;42.4;47.0;45.9;48.8;49.2;47.2;50.1;49.3;48.7;46.8;43.6;43.2;43.0;41.3;38.5;36.1;34.1;31.7;30.9;27.5;19.2;16.4;18.6;15.2;26.6;28.7;33.1;34.9;40.2;43.0;41.9;39.9;40.4;45.6;45.9;47.7;49.2;47.2;50.1;49.3;48.7;45.2;43.6;43.2;43.0;41.3;38.5;36.1;34.1;31.7;30.9;27.5;19.2;16.4;18.1;13.5
2024-10-14;15:07:20;59.4;56.3;;63.3;60.9;32.5;32.4;38.2;42.0;42.9;45.9;47.8;44.6;41.7;47.4;45.9;48.2;52.0;50.6;53.7;50.5;49.3;47.9;44.1;44.4;43.6;41.5;39.4;38.2;35.6;31.5;31.5;28.9;22.3;17.3;19.6;14.2;26.6;28.7;33.1;34.9;40.2;43.0;41.9;39.9;40.4;45.6;45.9;47.7;49.2;47.2;50.1;49.3;48.7;45.2;43.6;43.2;43.0;41.3;38.5;36.1;34.1;31.5;30.9;27.5;19.2;16.4;18.1;13.5
2024-10-14;15:07:21;59.4;57.0;;63.2;61.5;32.2;38.6;39.6;38.6;47.3;49.2;48.1;46.0;43.3;48.2;49.7;49.6;50.2;50.9;51.6;52.3;50.1;48.5;46.0;45.6;45.1;42.3;40.8;39.0;37.2;35.2;36.0;33.1;25.6;19.7;24.4;17.7;26.6;28.7;33.1;34.9;40.2;43.0;41.9;39.9;40.4;45.6;45.9;47.7;49.2;47.2;50.1;49.3;48.7;45.2;43.6;43.2;43.0;41.3;38.5;36.1;34.1;31.5;30.9;27.5;19.2;16.4;18.1;13.5
2024-10-14;15:07:22;59.4;58.2;;63.2;62.0;31.0;36.9;36.9;40.4;44.9;47.4;47.5;45.9;42.4;47.5;47.3;48.5;53.7;50.7;51.3;53.0;51.6;50.1;46.8;46.6;46.8;43.6;42.4;45.5;39.0;35.5;33.8;37.3;23.6;18.0;20.6;14.9;26.6;28.7;33.1;34.9;40.2;43.0;41.9;39.9;40.4;45.6;45.9;47.7;49.2;47.2;50.1;49.3;48.7;45.2;43.6;43.2;43.0;41.3;38.5;36.1;34.1;31.5;30.9;27.5;19.2;16.4;18.1;13.5
2024-10-14;15:07:23;59.4;58.7;;63.2;62.3;28.9;36.2;39.4;41.9;47.5;48.2;50.2;41.4;40.8;46.6;48.5;49.2;51.7;51.4;50.4;54.6;51.0;50.5;49.3;47.9;47.3;43.7;41.3;43.3;39.6;35.9;34.3;33.0;21.3;18.6;19.4;17.2;26.6;28.7;33.1;34.9;40.2;43.0;41.9;39.9;40.4;45.6;45.9;47.7;49.2;47.2;50.1;49.3;48.7;45.2;43.6;43.2;43.0;41.3;38.5;36.1;34.1;31.5;30.9;27.5;19.2;16.4;18.1;13.5
2024-10-14;15:07:24;59.3;58.0;;63.2;61.6;31.1;32.8;42.0;38.5;46.2;44.3;49.8;45.1;42.3;45.5;47.8;48.1;51.6;50.4;49.7;52.7;53.4;48.8;48.8;46.6;46.0;43.5;40.5;40.6;37.2;33.8;32.7;30.1;21.2;18.4;20.1;16.8;26.6;28.7;33.1;34.9;40.2;43.0;41.9;39.9;40.4;45.5;45.9;47.7;49.2;47.2;49.7;49.3;48.7;45.2;43.6;43.2;43.0;41.3;38.5;36.1;34.1;31.5;30.9;27.5;19.2;16.4;18.1;13.5
2024-10-14;15:07:25;59.3;57.1;;63.1;61.2;33.2;36.7;37.4;40.7;43.5;48.8;48.9;45.7;42.5;45.2;49.5;47.6;50.2;50.0;52.6;51.1;50.3;49.6;46.3;46.5;46.2;41.8;41.2;39.1;35.8;32.6;31.9;28.8;20.8;17.3;19.2;15.6;26.6;28.7;33.1;34.9;40.2;43.0;41.9;39.9;40.4;45.2;45.9;47.6;49.2;47.2;49.7;49.3;48.7;45.2;43.6;43.2;43.0;41.3;38.5;36.1;34.1;31.5;30.9;27.5;19.2;16.4;18.1;13.5
2024-10-14;15:07:26;59.3;57.2;;63.1;61.1;32.5;34.5;33.7;42.4;47.8;49.7;50.1;43.4;42.6;44.2;46.9;47.2;50.7;48.5;50.7;52.4;48.4;48.0;48.1;47.3;45.9;43.8;43.5;40.3;39.0;35.5;34.2;30.9;22.1;17.4;19.5;15.5;26.6;28.7;33.1;34.9;40.2;43.0;41.9;39.9;40.4;44.2;45.9;47.2;49.2;47.2;49.7;49.3;48.4;45.2;43.6;43.2;43.0;41.3;38.5;36.1;34.1;31.5;30.9;27.5;19.2;16.4;18.1;13.5
2024-10-14;15:07:27;59.3;57.4;;63.1;61.7;32.0;31.0;37.1;38.9;49.6;49.3;47.8;46.5;40.7;47.8;47.2;47.2;52.7;50.1;50.2;53.5;51.1;48.6;45.7;46.6;44.9;43.7;43.0;38.7;36.6;33.0;32.0;29.6;21.5;17.6;18.3;16.2;26.6;28.7;33.1;34.9;40.2;43.0;41.9;39.9;40.4;44.2;45.9;47.2;49.2;47.2;49.7;49.3;48.4;45.2;43.6;43.2;43.0;41.3;38.5;36.1;34.1;31.5;30.9;27.5;19.2;16.4;18.1;13.5
2024-10-14;15:07:28;59.3;58.7;;63.1;62.9;31.1;34.2;36.4;42.7;49.0;50.1;48.0;41.2;42.4;46.3;47.4;50.9;53.7;52.5;54.2;54.0;52.3;49.2;47.1;46.4;46.9;45.1;43.1;40.7;39.8;35.8;34.8;30.0;22.2;18.9;19.2;17.1;26.6;28.7;33.1;34.9;40.2;43.0;41.9;39.9;40.4;44.2;45.9;47.2;49.2;47.2;49.7;49.3;48.4;45.2;43.6;43.2;43.0;41.3;38.5;36.1;34.1;31.5;30.9;27.5;19.2;16.4;18.1;13.5
2024-10-14;15:07:29;59.2;58.1;;63.1;62.2;29.9;36.2;38.7;40.4;48.2;47.6;46.5;41.7;43.1;48.6;50.7;49.1;49.5;52.4;54.1;54.1;51.1;49.8;45.8;46.0;45.1;43.3;42.5;40.5;38.8;36.9;35.9;33.0;25.1;21.8;26.3;19.7;26.6;28.7;33.1;34.9;40.2;43.0;41.9;39.9;40.4;44.2;45.9;47.2;49.2;47.2;49.7;49.3;48.4;45.2;43.6;43.2;43.0;41.3;38.5;36.1;34.1;31.5;30.9;27.5;19.2;16.4;18.1;13.5
2024-10-14;15:07:30;59.2;56.6;;63.0;61.1;26.0;32.2;34.5;42.3;49.4;47.8;45.5;41.8;40.3;47.8;48.6;48.1;50.9;49.6;51.9;52.7;50.3;47.2;44.6;45.0;44.1;42.5;40.1;38.4;37.4;34.6;33.3;30.2;21.7;18.9;21.0;17.3;26.0;28.7;33.1;34.9;40.2;43.0;41.9;39.9;40.3;44.2;45.9;47.2;49.2;47.2;49.7;49.3;48.4;45.2;43.6;43.2;43.0;41.3;38.5;36.1;34.1;31.5;30.9;27.5;19.2;16.4;18.1;13.5
2024-10-14;15:07:31;59.2;56.5;;63.0;60.8;29.4;35.0;41.0;37.3;47.6;47.8;46.2;40.6;39.9;45.0;50.1;48.9;49.6;48.9;51.8;51.7;51.9;46.7;45.1;45.2;44.6;41.1;38.2;36.5;35.1;33.5;33.8;30.4;22.7;19.2;20.9;18.0;26.0;28.7;33.1;34.9;40.2;43.0;41.9;39.9;39.9;44.2;45.9;47.2;49.2;47.2;49.7;49.3;48.4;45.2;43.6;43.2;43.0;41.1;38.2;36.1;34.1;31.5;30.9;27.5;19.2;16.4;18.1;13.5
2024-10-14;15:07:33;;;STOP




