Description: 
Condition: Outdoor
Environment: Urban
Source: Nature
Weather: Cloudy
Feeling: Very good
Appropriate: Very
Reason: Study
Coordinates: -23.560307,-46.730273
Calibration: 24 dBA
Measure start: 2024-10-14 15:21:02
Measure stop: 2024-10-14 15:22:01
Duration: 00:00:59
LAeq(t): 51.5 dBA
Cloud: Yes
===


Date;Time;LAeq(t);LAeq(1s);Marker;LZeq(t);LZeq(1s);LZeq_16;LZeq_20;LZeq_25;LZeq_31.5;LZeq_40;LZeq_50;LZeq_63;LZeq_80;LZeq_100;LZeq_125;LZeq_160;LZeq_200;LZeq_250;LZeq_315;LZeq_400;LZeq_500;LZeq_630;LZeq_800;LZeq_1000;LZeq_1250;LZeq_1600;LZeq_2000;LZeq_2500;LZeq_3150;LZeq_4000;LZeq_5000;LZeq_6300;LZeq_8000;LZeq_10000;LZeq_12500;LZeq_16000;LZeq_20000;LZmin_16;LZmin_20;LZmin_25;LZmin_31.5;LZmin_40;LZmin_50;LZmin_63;LZmin_80;LZmin_100;LZmin_125;LZmin_160;LZmin_200;LZmin_250;LZmin_315;LZmin_400;LZmin_500;LZmin_630;LZmin_800;LZmin_1000;LZmin_1250;LZmin_1600;LZmin_2000;LZmin_2500;LZmin_3150;LZmin_4000;LZmin_5000;LZmin_6300;LZmin_8000;LZmin_10000;LZmin_12500;LZmin_16000;LZmin_20000
2024-10-14;15:21:02;51.0;50.4;START;67.6;67.0;44.8;48.1;55.9;57.8;56.5;59.8;59.7;59.2;55.8;51.3;48.5;42.5;47.9;43.0;42.4;44.5;42.4;39.0;36.8;36.4;36.3;35.5;39.0;32.9;32.3;31.4;33.0;31.3;24.3;19.6;23.6;16.3;44.8;48.1;55.9;57.8;56.5;59.8;59.7;59.2;55.8;51.3;48.5;42.5;47.9;43.0;42.4;44.5;42.4;39.0;36.8;36.4;36.3;35.5;39.0;32.9;32.3;31.4;33.0;31.3;24.3;19.6;23.6;16.3
2024-10-14;15:21:03;50.8;50.7;;65.8;62.6;43.0;46.9;48.5;50.3;56.6;52.1;50.8;46.6;55.2;52.7;47.2;44.5;46.6;46.0;44.6;43.1;42.4;40.8;38.4;37.4;37.4;36.5;37.3;34.5;34.2;33.1;35.0;33.7;26.8;22.1;25.9;19.2;43.0;46.9;48.5;50.3;56.5;52.1;50.8;46.6;55.2;51.3;47.2;42.5;46.6;43.0;42.4;43.1;42.4;39.0;36.8;36.4;36.3;35.5;37.3;32.9;32.3;31.4;33.0;31.3;24.3;19.6;23.6;16.3
2024-10-14;15:21:04;50.9;51.1;;65.1;62.6;39.6;45.5;48.1;51.7;53.8;53.7;54.0;49.3;52.8;53.9;45.5;44.1;47.0;44.8;46.1;45.5;43.9;40.9;39.5;36.4;35.6;37.5;35.8;34.9;34.4;34.0;35.7;34.4;28.2;24.6;29.4;22.8;39.6;45.5;48.1;50.3;53.8;52.1;50.8;46.6;52.8;51.3;45.5;42.5;46.6;43.0;42.4;43.1;42.4;39.0;36.8;36.4;35.6;35.5;35.8;32.9;32.3;31.4;33.0;31.3;24.3;19.6;23.6;16.3
2024-10-14;15:21:05;51.0;51.3;;65.1;65.2;46.2;51.7;46.8;59.2;56.6;55.3;56.4;49.6;54.2;55.4;45.4;43.5;46.1;46.0;45.1;44.7;44.9;39.5;39.2;37.1;36.2;39.7;35.1;34.1;34.7;34.4;35.4;34.3;27.3;23.3;26.9;20.3;39.6;45.5;46.8;50.3;53.8;52.1;50.8;46.6;52.8;51.3;45.4;42.5;46.1;43.0;42.4;43.1;42.4;39.0;36.8;36.4;35.6;35.5;35.1;32.9;32.3;31.4;33.0;31.3;24.3;19.6;23.6;16.3
2024-10-14;15:21:06;51.0;50.7;;64.7;62.1;45.0;47.4;49.4;50.4;52.5;51.7;54.1;50.1;52.0;53.6;46.4;43.0;44.0;43.7;45.3;44.6;44.5;40.2;39.4;38.4;36.1;37.1;34.6;33.2;33.8;33.4;35.3;34.2;27.7;23.0;26.9;19.9;39.6;45.5;46.8;50.3;52.5;51.7;50.8;46.6;52.0;51.3;45.4;42.5;44.0;43.0;42.4;43.1;42.4;39.0;36.8;36.4;35.6;35.5;34.6;32.9;32.3;31.4;33.0;31.3;24.3;19.6;23.6;16.3
2024-10-14;15:21:07;50.9;50.7;;64.3;61.7;40.1;44.0;48.7;48.9;49.3;47.5;52.8;52.0;52.7;54.9;47.6;46.8;45.2;44.4;45.6;44.5;43.3;39.0;37.6;36.6;35.9;35.0;37.3;34.1;33.7;33.6;35.6;34.8;28.7;25.9;33.9;23.8;39.6;44.0;46.8;48.9;49.3;47.5;50.8;46.6;52.0;51.3;45.4;42.5;44.0;43.0;42.4;43.1;42.4;39.0;36.8;36.4;35.6;35.0;34.6;32.9;32.3;31.4;33.0;31.3;24.3;19.6;23.6;16.3
2024-10-14;15:21:08;50.8;49.6;;64.0;61.5;44.3;41.4;49.1;46.0;52.6;52.1;52.6;49.9;49.0;55.2;46.0;42.6;45.7;43.0;42.7;43.5;41.3;39.0;36.6;36.5;36.1;38.0;34.9;33.1;33.0;32.7;34.2;32.4;25.9;20.9;25.4;17.6;39.6;41.4;46.8;46.0;49.3;47.5;50.8;46.6;49.0;51.3;45.4;42.5;44.0;43.0;42.4;43.1;41.3;39.0;36.6;36.4;35.6;35.0;34.6;32.9;32.3;31.4;33.0;31.3;24.3;19.6;23.6;16.3
2024-10-14;15:21:09;50.8;51.1;;63.8;61.4;39.4;43.6;47.0;48.9;53.5;53.2;51.8;50.7;46.6;51.6;49.6;43.8;45.8;45.1;44.8;43.5;43.7;40.0;38.4;38.0;38.8;38.6;37.5;35.9;36.0;35.1;36.0;34.6;27.8;22.9;27.7;19.7;39.4;41.4;46.8;46.0;49.3;47.5;50.8;46.6;46.6;51.3;45.4;42.5;44.0;43.0;42.4;43.1;41.3;39.0;36.6;36.4;35.6;35.0;34.6;32.9;32.3;31.4;33.0;31.3;24.3;19.6;23.6;16.3
2024-10-14;15:21:10;50.8;51.1;;63.6;61.8;42.1;43.6;42.0;50.4;52.6;54.4;55.5;51.5;47.5;45.8;46.6;43.0;46.3;46.3;46.0;45.3;45.4;39.7;37.6;37.1;36.9;35.8;36.8;34.7;34.5;34.0;35.7;34.5;27.7;23.9;30.5;22.4;39.4;41.4;42.0;46.0;49.3;47.5;50.8;46.6;46.6;45.8;45.4;42.5;44.0;43.0;42.4;43.1;41.3;39.0;36.6;36.4;35.6;35.0;34.6;32.9;32.3;31.4;33.0;31.3;24.3;19.6;23.6;16.3
2024-10-14;15:21:11;50.8;51.1;;63.4;61.5;41.2;47.6;48.5;48.7;50.7;52.7;55.3;50.0;49.2;49.7;47.1;44.4;45.7;45.7;43.0;45.6;43.3;41.5;39.2;37.0;37.1;35.3;40.9;34.2;33.2;32.6;35.6;32.5;25.8;22.4;26.4;20.5;39.4;41.4;42.0;46.0;49.3;47.5;50.8;46.6;46.6;45.8;45.4;42.5;44.0;43.0;42.4;43.1;41.3;39.0;36.6;36.4;35.6;35.0;34.6;32.9;32.3;31.4;33.0;31.3;24.3;19.6;23.6;16.3
2024-10-14;15:21:12;50.8;50.2;;63.5;64.1;42.5;41.6;57.6;50.3;57.8;55.5;53.7;53.6;51.0;48.7;46.1;43.8;44.8;45.3;45.4;44.9;42.0;39.6;38.1;36.2;37.0;35.5;35.5;33.8;33.0;32.4;33.5;32.5;25.4;21.0;24.8;18.5;39.4;41.4;42.0;46.0;49.3;47.5;50.8;46.6;46.6;45.8;45.4;42.5;44.0;43.0;42.4;43.1;41.3;39.0;36.6;36.2;35.6;35.0;34.6;32.9;32.3;31.4;33.0;31.3;24.3;19.6;23.6;16.3
2024-10-14;15:21:13;50.7;49.7;;63.5;63.9;45.8;46.0;41.3;56.0;54.8;57.9;53.4;54.8;52.8;51.1;46.4;44.3;44.1;44.0;42.6;44.3;41.8;39.9;37.7;37.2;36.7;35.0;33.8;32.9;32.7;31.7;33.3;31.6;25.0;21.7;26.5;20.7;39.4;41.4;41.3;46.0;49.3;47.5;50.8;46.6;46.6;45.8;45.4;42.5;44.0;43.0;42.4;43.1;41.3;39.0;36.6;36.2;35.6;35.0;33.8;32.9;32.3;31.4;33.0;31.3;24.3;19.6;23.6;16.3
2024-10-14;15:21:14;50.6;49.5;;63.5;62.4;43.3;48.7;48.3;45.8;55.9;52.2;55.1;52.6;51.1;49.7;48.2;42.0;46.5;43.6;44.1;44.3;41.6;39.7;37.8;35.6;35.2;33.9;33.5;32.1;31.4;32.9;32.3;30.7;23.9;20.3;23.6;17.7;39.4;41.4;41.3;45.8;49.3;47.5;50.8;46.6;46.6;45.8;45.4;42.0;44.0;43.0;42.4;43.1;41.3;39.0;36.6;35.6;35.2;33.9;33.5;32.1;31.4;31.4;32.3;30.7;23.9;19.6;23.6;16.3
2024-10-14;15:21:15;50.6;49.8;;63.3;60.5;40.1;42.0;44.9;46.1;50.4;52.2;51.5;50.4;49.5;49.9;50.6;44.4;46.5;42.1;42.6;44.2;42.0;40.6;38.5;38.1;35.6;34.1;32.8;32.5;34.0;31.3;32.4;31.0;23.7;20.5;23.2;17.6;39.4;41.4;41.3;45.8;49.3;47.5;50.8;46.6;46.6;45.8;45.4;42.0;44.0;42.1;42.4;43.1;41.3;39.0;36.6;35.6;35.2;33.9;32.8;32.1;31.4;31.3;32.3;30.7;23.7;19.6;23.2;16.3
2024-10-14;15:21:16;50.5;49.5;;63.2;62.2;43.7;43.1;52.0;47.0;55.8;51.3;56.6;50.2;48.5;46.9;44.0;43.4;45.1;43.6;44.6;42.6;40.6;39.4;36.9;35.2;34.9;34.8;32.6;31.9;34.9;38.7;37.3;34.4;26.2;20.5;23.3;16.7;39.4;41.4;41.3;45.8;49.3;47.5;50.8;46.6;46.6;45.8;44.0;42.0;44.0;42.1;42.4;42.6;40.6;39.0;36.6;35.2;34.9;33.9;32.6;31.9;31.4;31.3;32.3;30.7;23.7;19.6;23.2;16.3
2024-10-14;15:21:17;50.4;49.2;;63.1;61.1;42.7;49.8;45.0;51.0;51.3;53.1;54.2;47.0;48.5;46.4;49.2;44.6;45.1;43.6;42.7;43.2;40.1;40.5;37.5;36.1;35.6;33.9;33.1;32.9;33.0;33.8;34.6;32.4;23.6;18.7;21.8;16.3;39.4;41.4;41.3;45.8;49.3;47.5;50.8;46.6;46.6;45.8;44.0;42.0;44.0;42.1;42.4;42.6;40.1;39.0;36.6;35.2;34.9;33.9;32.6;31.9;31.4;31.3;32.3;30.7;23.6;18.7;21.8;16.3
2024-10-14;15:21:18;50.4;49.5;;63.0;59.1;39.8;40.1;43.8;46.3;48.8;48.6;51.7;47.7;47.9;47.9;45.5;45.0;45.4;44.6;44.5;44.1;42.5;41.0;37.9;36.8;36.3;33.2;31.5;30.3;29.6;28.9;29.7;28.2;21.6;17.9;20.5;16.0;39.4;40.1;41.3;45.8;48.8;47.5;50.8;46.6;46.6;45.8;44.0;42.0;44.0;42.1;42.4;42.6;40.1;39.0;36.6;35.2;34.9;33.2;31.5;30.3;29.6;28.9;29.7;28.2;21.6;17.9;20.5;16.0
2024-10-14;15:21:19;50.4;49.6;;62.9;59.5;40.3;45.9;43.2;46.3;48.8;48.3;54.1;47.9;46.5;46.2;42.3;42.3;46.5;45.3;44.7;45.5;43.1;39.4;37.4;35.8;34.8;34.6;33.2;32.2;31.1;30.2;30.3;28.1;21.8;18.7;20.7;17.2;39.4;40.1;41.3;45.8;48.8;47.5;50.8;46.6;46.5;45.8;42.3;42.0;44.0;42.1;42.4;42.6;40.1;39.0;36.6;35.2;34.8;33.2;31.5;30.3;29.6;28.9;29.7;28.1;21.6;17.9;20.5;16.0
2024-10-14;15:21:20;50.4;51.3;;62.8;60.6;34.2;37.8;37.4;47.8;45.0;48.7;53.6;46.0;47.0;53.9;47.9;42.9;49.9;44.9;50.2;45.3;42.8;40.2;38.2;37.9;37.9;33.6;33.0;31.6;30.6;29.5;30.6;29.0;22.3;19.9;23.5;18.3;34.2;37.8;37.4;45.8;45.0;47.5;50.8;46.0;46.5;45.8;42.3;42.0;44.0;42.1;42.4;42.6;40.1;39.0;36.6;35.2;34.8;33.2;31.5;30.3;29.6;28.9;29.7;28.1;21.6;17.9;20.5;16.0
2024-10-14;15:21:21;50.4;50.4;;62.8;63.1;47.4;50.6;51.3;50.1;55.2;53.8;55.8;50.4;51.7;51.0;47.7;43.3;46.8;45.4;47.3;44.2;42.3;42.2;37.6;36.5;36.4;32.9;32.5;31.0;30.7;29.0;30.1;28.4;22.9;20.5;23.9;17.9;34.2;37.8;37.4;45.8;45.0;47.5;50.8;46.0;46.5;45.8;42.3;42.0;44.0;42.1;42.4;42.6;40.1;39.0;36.6;35.2;34.8;32.9;31.5;30.3;29.6;28.9;29.7;28.1;21.6;17.9;20.5;16.0
2024-10-14;15:21:22;50.4;51.3;;63.2;68.0;48.2;54.2;57.5;58.6;60.3;59.1;58.5;57.3;55.3;55.7;56.8;50.8;49.8;45.9;44.1;41.7;42.0;39.9;38.0;36.6;34.3;34.4;33.9;31.5;31.4;30.4;33.9;30.2;23.9;24.0;30.0;19.9;34.2;37.8;37.4;45.8;45.0;47.5;50.8;46.0;46.5;45.8;42.3;42.0;44.0;42.1;42.4;41.7;40.1;39.0;36.6;35.2;34.3;32.9;31.5;30.3;29.6;28.9;29.7;28.1;21.6;17.9;20.5;16.0
2024-10-14;15:21:23;50.5;50.6;;63.3;65.5;47.7;52.4;50.3;52.1;61.8;57.1;54.8;53.8;48.4;49.8;47.2;44.8;44.6;44.4;47.4;41.9;42.6;41.2;38.7;39.6;39.3;37.8;34.0;31.7;31.0;29.9;30.5;28.4;22.1;19.5;20.9;18.1;34.2;37.8;37.4;45.8;45.0;47.5;50.8;46.0;46.5;45.8;42.3;42.0;44.0;42.1;42.4;41.7;40.1;39.0;36.6;35.2;34.3;32.9;31.5;30.3;29.6;28.9;29.7;28.1;21.6;17.9;20.5;16.0
2024-10-14;15:21:24;50.7;53.6;;63.4;64.0;43.2;47.2;53.3;51.0;57.7;56.5;55.0;51.5;50.1;49.4;46.9;45.6;46.4;46.8;45.1;44.5;48.4;42.1;41.5;43.1;44.2;43.0;39.4;35.7;32.5;31.3;31.4;28.3;23.3;21.6;22.3;20.7;34.2;37.8;37.4;45.8;45.0;47.5;50.8;46.0;46.5;45.8;42.3;42.0;44.0;42.1;42.4;41.7;40.1;39.0;36.6;35.2;34.3;32.9;31.5;30.3;29.6;28.9;29.7;28.1;21.6;17.9;20.5;16.0
2024-10-14;15:21:25;50.8;53.7;;63.3;61.7;41.4;45.7;49.2;48.7;51.7;51.8;52.9;48.8;49.9;50.1;49.9;46.9;48.2;47.5;46.4;46.8;44.7;42.6;42.0;42.8;44.0;43.7;39.3;36.0;35.1;33.1;32.8;28.5;21.4;16.8;19.3;14.3;34.2;37.8;37.4;45.8;45.0;47.5;50.8;46.0;46.5;45.8;42.3;42.0;44.0;42.1;42.4;41.7;40.1;39.0;36.6;35.2;34.3;32.9;31.5;30.3;29.6;28.9;29.7;28.1;21.4;16.8;19.3;14.3
2024-10-14;15:21:26;51.0;53.8;;63.2;61.6;40.7;46.7;49.6;49.9;51.7;53.1;49.8;46.6;48.3;50.9;45.9;46.0;49.6;48.2;46.5;46.8;46.7;45.6;42.7;41.7;42.5;42.2;38.5;36.3;35.0;32.2;31.7;28.8;20.4;16.2;18.6;14.0;34.2;37.8;37.4;45.8;45.0;47.5;49.8;46.0;46.5;45.8;42.3;42.0;44.0;42.1;42.4;41.7;40.1;39.0;36.6;35.2;34.3;32.9;31.5;30.3;29.6;28.9;29.7;28.1;20.4;16.2;18.6;14.0
2024-10-14;15:21:27;51.0;51.4;;63.3;64.8;48.8;50.4;54.6;53.6;58.9;55.9;56.7;49.4;49.7;50.7;49.1;44.3;47.4;48.1;46.3;44.9;44.2;43.4;39.5;39.2;38.2;36.7;33.5;32.6;31.5;29.5;29.9;27.2;21.1;18.1;19.6;16.7;34.2;37.8;37.4;45.8;45.0;47.5;49.8;46.0;46.5;45.8;42.3;42.0;44.0;42.1;42.4;41.7;40.1;39.0;36.6;35.2;34.3;32.9;31.5;30.3;29.6;28.9;29.7;27.2;20.4;16.2;18.6;14.0
2024-10-14;15:21:28;51.0;51.4;;63.3;62.7;45.5;52.9;51.9;54.9;53.9;54.1;49.9;49.2;46.9;49.9;47.0;43.3;46.7;47.6;47.2;46.1;44.2;42.5;39.6;38.4;37.3;35.9;34.4;33.3;32.8;33.3;34.0;30.9;24.8;22.2;23.1;21.0;34.2;37.8;37.4;45.8;45.0;47.5;49.8;46.0;46.5;45.8;42.3;42.0;44.0;42.1;42.4;41.7;40.1;39.0;36.6;35.2;34.3;32.9;31.5;30.3;29.6;28.9;29.7;27.2;20.4;16.2;18.6;14.0
2024-10-14;15:21:29;51.0;50.7;;63.3;63.2;43.9;50.5;53.9;50.7;52.3;54.2;52.7;52.8;52.1;52.8;52.5;47.0;46.1;46.6;44.9;43.9;44.4;41.1;40.1;37.4;34.6;33.3;33.1;32.2;31.3;30.5;31.0;28.9;24.1;21.8;22.7;20.7;34.2;37.8;37.4;45.8;45.0;47.5;49.8;46.0;46.5;45.8;42.3;42.0;44.0;42.1;42.4;41.7;40.1;39.0;36.6;35.2;34.3;32.9;31.5;30.3;29.6;28.9;29.7;27.2;20.4;16.2;18.6;14.0
2024-10-14;15:21:30;51.1;51.6;;63.3;64.2;46.0;47.0;49.8;50.3;54.5;55.4;51.8;54.0;53.1;53.7;56.9;49.8;47.8;48.3;46.2;45.7;42.9;40.6;37.9;37.3;35.6;33.3;33.1;31.8;32.3;30.8;30.2;28.6;22.7;20.6;21.5;19.7;34.2;37.8;37.4;45.8;45.0;47.5;49.8;46.0;46.5;45.8;42.3;42.0;44.0;42.1;42.4;41.7;40.1;39.0;36.6;35.2;34.3;32.9;31.5;30.3;29.6;28.9;29.7;27.2;20.4;16.2;18.6;14.0
2024-10-14;15:21:31;51.0;50.7;;63.2;60.0;43.2;40.4;47.1;43.9;51.3;48.1;50.9;46.2;45.4;51.0;49.9;48.2;44.3;45.9;47.2;43.9;44.3;42.3;39.8;37.1;36.3;33.5;32.4;30.8;30.0;28.7;29.1;26.6;20.2;17.9;19.0;16.3;34.2;37.8;37.4;43.9;45.0;47.5;49.8;46.0;45.4;45.8;42.3;42.0;44.0;42.1;42.4;41.7;40.1;39.0;36.6;35.2;34.3;32.9;31.5;30.3;29.6;28.7;29.1;26.6;20.2;16.2;18.6;14.0
2024-10-14;15:21:32;51.0;50.4;;63.2;60.1;38.7;46.5;44.1;44.3;49.0;47.2;48.4;50.3;48.5;50.9;51.8;47.1;47.6;45.2;44.4;43.9;44.6;41.3;37.6;36.1;34.9;33.9;32.6;31.1;31.5;30.9;31.2;30.0;21.8;18.8;20.3;17.4;34.2;37.8;37.4;43.9;45.0;47.2;48.4;46.0;45.4;45.8;42.3;42.0;44.0;42.1;42.4;41.7;40.1;39.0;36.6;35.2;34.3;32.9;31.5;30.3;29.6;28.7;29.1;26.6;20.2;16.2;18.6;14.0
2024-10-14;15:21:33;51.0;49.6;;63.1;59.6;42.1;46.0;42.8;50.8;52.0;49.6;49.3;47.0;44.1;47.4;45.7;44.6;44.9;47.2;44.7;43.0;44.0;40.9;36.9;35.1;34.3;32.0;31.6;31.2;29.9;33.3;30.9;28.8;19.9;16.3;18.1;14.9;34.2;37.8;37.4;43.9;45.0;47.2;48.4;46.0;44.1;45.8;42.3;42.0;44.0;42.1;42.4;41.7;40.1;39.0;36.6;35.1;34.3;32.0;31.5;30.3;29.6;28.7;29.1;26.6;19.9;16.2;18.1;14.0
2024-10-14;15:21:34;50.9;49.0;;63.0;58.6;38.5;40.7;41.4;46.9;48.0;51.2;49.1;47.1;44.0;47.8;44.7;44.9;45.3;45.4;45.3;42.2;42.0;40.8;36.9;35.4;33.7;31.9;30.8;30.2;30.0;30.2;33.7;27.9;19.1;16.2;18.6;14.5;34.2;37.8;37.4;43.9;45.0;47.2;48.4;46.0;44.0;45.8;42.3;42.0;44.0;42.1;42.4;41.7;40.1;39.0;36.6;35.1;33.7;31.9;30.8;30.2;29.6;28.7;29.1;26.6;19.1;16.2;18.1;14.0
2024-10-14;15:21:35;50.9;49.7;;62.9;59.6;37.9;33.8;42.7;48.3;51.2;49.1;49.8;51.9;46.4;49.0;46.3;43.6;43.6;45.7;44.5;44.9;43.4;40.5;37.3;36.1;36.5;34.1;32.0;31.0;29.0;28.7;30.9;27.2;18.7;15.9;17.7;14.0;34.2;33.8;37.4;43.9;45.0;47.2;48.4;46.0;44.0;45.8;42.3;42.0;43.6;42.1;42.4;41.7;40.1;39.0;36.6;35.1;33.7;31.9;30.8;30.2;29.0;28.7;29.1;26.6;18.7;15.9;17.7;14.0
2024-10-14;15:21:36;50.9;51.3;;62.9;60.3;39.4;44.3;43.0;47.0;50.6;49.6;51.6;50.1;47.4;50.0;46.9;47.1;45.5;48.5;47.4;45.3;43.9;41.0;41.0;36.5;37.9;36.0;35.0;32.9;32.2;30.6;30.2;27.1;19.8;15.2;17.5;12.9;34.2;33.8;37.4;43.9;45.0;47.2;48.4;46.0;44.0;45.8;42.3;42.0;43.6;42.1;42.4;41.7;40.1;39.0;36.6;35.1;33.7;31.9;30.8;30.2;29.0;28.7;29.1;26.6;18.7;15.2;17.5;12.9
2024-10-14;15:21:37;50.9;50.1;;62.8;61.1;35.7;39.4;47.0;47.6;48.6;50.9;52.6;53.7;49.6;50.8;49.6;46.6;46.0;45.8;46.1;44.9;43.3;39.7;38.6;35.8;35.7;32.6;32.4;31.1;29.3;28.7;28.7;27.0;20.2;16.8;19.1;15.6;34.2;33.8;37.4;43.9;45.0;47.2;48.4;46.0;44.0;45.8;42.3;42.0;43.6;42.1;42.4;41.7;40.1;39.0;36.6;35.1;33.7;31.9;30.8;30.2;29.0;28.7;28.7;26.6;18.7;15.2;17.5;12.9
2024-10-14;15:21:38;50.9;50.7;;62.8;60.4;39.4;38.0;45.1;43.7;49.2;48.2;51.1;52.4;50.3;51.1;49.6;45.1;47.1;45.7;45.4;44.3;44.8;41.6;39.2;38.3;36.8;34.5;33.2;31.3;30.5;28.9;29.5;28.0;23.0;19.9;21.3;18.8;34.2;33.8;37.4;43.7;45.0;47.2;48.4;46.0;44.0;45.8;42.3;42.0;43.6;42.1;42.4;41.7;40.1;39.0;36.6;35.1;33.7;31.9;30.8;30.2;29.0;28.7;28.7;26.6;18.7;15.2;17.5;12.9
2024-10-14;15:21:39;50.9;51.3;;62.7;60.6;35.1;41.4;41.2;46.5;49.4;49.9;52.8;50.7;49.5;49.7;48.9;45.1;48.4;47.8;45.4;45.5;46.3;42.7;37.8;37.3;37.4;34.2;33.1;32.4;30.3;29.1;30.6;28.5;21.2;18.3;20.4;16.8;34.2;33.8;37.4;43.7;45.0;47.2;48.4;46.0;44.0;45.8;42.3;42.0;43.6;42.1;42.4;41.7;40.1;39.0;36.6;35.1;33.7;31.9;30.8;30.2;29.0;28.7;28.7;26.6;18.7;15.2;17.5;12.9
2024-10-14;15:21:40;50.9;50.8;;62.7;61.9;38.1;40.0;43.2;45.1;51.4;55.0;55.0;50.5;50.7;48.5;49.8;46.8;46.7;46.6;47.4;45.9;44.2;40.9;36.7;35.0;36.4;33.3;31.8;35.7;30.3;28.8;29.1;30.3;21.8;17.7;18.9;16.5;34.2;33.8;37.4;43.7;45.0;47.2;48.4;46.0;44.0;45.8;42.3;42.0;43.6;42.1;42.4;41.7;40.1;39.0;36.6;35.0;33.7;31.9;30.8;30.2;29.0;28.7;28.7;26.6;18.7;15.2;17.5;12.9
2024-10-14;15:21:41;50.9;51.1;;62.7;62.7;34.7;42.0;45.3;48.7;52.9;53.0;56.0;51.6;53.5;51.9;50.4;48.1;48.4;46.5;46.4;46.2;42.3;38.4;41.4;37.8;37.1;34.0;31.7;31.0;29.3;28.4;30.3;29.2;21.1;16.6;19.5;14.7;34.2;33.8;37.4;43.7;45.0;47.2;48.4;46.0;44.0;45.8;42.3;42.0;43.6;42.1;42.4;41.7;40.1;38.4;36.6;35.0;33.7;31.9;30.8;30.2;29.0;28.4;28.7;26.6;18.7;15.2;17.5;12.9
2024-10-14;15:21:42;50.9;50.6;;62.7;62.1;35.6;38.0;42.1;44.5;52.4;52.5;56.8;52.2;51.0;51.2;49.1;46.8;45.7;45.2;44.7;44.8;41.4;40.4;40.6;39.3;36.7;34.3;33.4;37.8;31.5;29.5;30.1;27.6;21.7;17.4;19.5;15.7;34.2;33.8;37.4;43.7;45.0;47.2;48.4;46.0;44.0;45.8;42.3;42.0;43.6;42.1;42.4;41.7;40.1;38.4;36.6;35.0;33.7;31.9;30.8;30.2;29.0;28.4;28.7;26.6;18.7;15.2;17.5;12.9
2024-10-14;15:21:43;50.9;49.4;;62.7;61.4;37.9;43.0;40.1;48.9;52.7;52.7;55.7;51.6;46.5;49.4;47.0;44.9;45.6;43.2;42.7;43.3;41.4;40.5;39.0;36.9;36.8;35.0;32.2;34.1;29.5;28.3;30.2;26.9;20.4;17.7;19.3;16.5;34.2;33.8;37.4;43.7;45.0;47.2;48.4;46.0;44.0;45.8;42.3;42.0;43.6;42.1;42.4;41.7;40.1;38.4;36.6;35.0;33.7;31.9;30.8;30.2;29.0;28.3;28.7;26.6;18.7;15.2;17.5;12.9
2024-10-14;15:21:44;50.8;49.0;;62.7;62.2;33.6;38.2;40.4;47.0;51.2;53.8;58.7;51.1;48.1;48.8;48.2;45.3;44.5;43.1;43.5;41.5;41.5;40.8;38.3;35.9;36.0;34.6;31.5;31.0;29.6;28.2;28.7;26.4;19.2;17.2;18.6;16.1;33.6;33.8;37.4;43.7;45.0;47.2;48.4;46.0;44.0;45.8;42.3;42.0;43.6;42.1;42.4;41.5;40.1;38.4;36.6;35.0;33.7;31.9;30.8;30.2;29.0;28.2;28.7;26.4;18.7;15.2;17.5;12.9
2024-10-14;15:21:45;50.8;49.2;;62.7;62.0;40.4;36.0;39.0;42.5;52.8;55.4;53.9;55.4;50.5;46.8;48.4;46.2;43.4;42.3;42.8;43.2;42.1;40.1;38.0;36.6;36.1;36.1;32.1;31.0;29.9;28.0;28.2;26.7;19.5;17.8;21.5;15.0;33.6;33.8;37.4;42.5;45.0;47.2;48.4;46.0;44.0;45.8;42.3;42.0;43.4;42.1;42.4;41.5;40.1;38.4;36.6;35.0;33.7;31.9;30.8;30.2;29.0;28.0;28.2;26.4;18.7;15.2;17.5;12.9
2024-10-14;15:21:46;50.8;49.7;;62.6;60.0;38.6;40.7;44.1;48.4;51.1;48.4;50.6;52.6;46.4;49.4;46.8;44.0;45.1;44.1;46.4;44.2;41.8;41.3;37.0;37.1;34.3;35.5;33.2;30.8;30.0;29.3;30.3;27.7;20.6;18.6;22.6;15.5;33.6;33.8;37.4;42.5;45.0;47.2;48.4;46.0;44.0;45.8;42.3;42.0;43.4;42.1;42.4;41.5;40.1;38.4;36.6;35.0;33.7;31.9;30.8;30.2;29.0;28.0;28.2;26.4;18.7;15.2;17.5;12.9
2024-10-14;15:21:47;50.7;49.3;;62.6;60.6;36.2;39.0;47.2;46.3;50.3;53.9;53.9;50.8;47.7;47.4;44.2;44.6;43.6;44.2;45.7;43.9;41.9;39.9;37.3;35.5;35.2;34.1;32.9;32.2;31.0;29.9;31.4;28.2;22.0;17.9;22.6;15.6;33.6;33.8;37.4;42.5;45.0;47.2;48.4;46.0;44.0;45.8;42.3;42.0;43.4;42.1;42.4;41.5;40.1;38.4;36.6;35.0;33.7;31.9;30.8;30.2;29.0;28.0;28.2;26.4;18.7;15.2;17.5;12.9
2024-10-14;15:21:48;50.7;48.2;;62.6;62.6;34.0;40.8;42.1;45.4;55.8;57.2;56.3;50.8;47.8;47.7;43.5;41.8;42.3;43.1;44.8;42.4;39.4;38.8;36.7;35.7;34.2;33.6;32.5;31.0;29.3;28.0;28.0;26.6;21.4;20.0;25.8;16.6;33.6;33.8;37.4;42.5;45.0;47.2;48.4;46.0;44.0;45.8;42.3;41.8;42.3;42.1;42.4;41.5;39.4;38.4;36.6;35.0;33.7;31.9;30.8;30.2;29.0;28.0;28.0;26.4;18.7;15.2;17.5;12.9
2024-10-14;15:21:49;50.7;48.7;;62.5;60.7;38.6;40.2;39.9;41.9;52.3;53.2;53.6;51.5;49.3;49.8;45.3;45.3;43.8;44.2;45.4;41.5;41.4;39.9;35.9;34.7;34.6;33.1;32.1;31.2;30.0;27.6;27.6;26.1;20.1;17.7;20.4;16.4;33.6;33.8;37.4;41.9;45.0;47.2;48.4;46.0;44.0;45.8;42.3;41.8;42.3;42.1;42.4;41.5;39.4;38.4;35.9;34.7;33.7;31.9;30.8;30.2;29.0;27.6;27.6;26.1;18.7;15.2;17.5;12.9
2024-10-14;15:21:50;50.7;52.0;;62.5;61.8;41.7;42.5;47.2;47.9;50.1;56.0;53.2;51.8;51.0;47.8;45.4;44.8;45.1;44.4;44.5;43.6;47.9;43.0;40.8;40.2;42.3;36.0;35.1;32.6;32.0;29.7;31.0;27.3;21.6;18.9;23.5;18.3;33.6;33.8;37.4;41.9;45.0;47.2;48.4;46.0;44.0;45.8;42.3;41.8;42.3;42.1;42.4;41.5;39.4;38.4;35.9;34.7;33.7;31.9;30.8;30.2;29.0;27.6;27.6;26.1;18.7;15.2;17.5;12.9
2024-10-14;15:21:51;50.7;51.8;;62.5;61.9;43.4;48.9;48.6;50.2;52.0;54.8;55.2;48.4;48.0;47.6;44.9;43.3;44.6;44.8;43.3;44.4;47.6;44.5;42.0;40.8;39.1;35.7;34.3;32.5;31.6;30.7;30.3;27.0;19.6;17.3;19.9;15.5;33.6;33.8;37.4;41.9;45.0;47.2;48.4;46.0;44.0;45.8;42.3;41.8;42.3;42.1;42.4;41.5;39.4;38.4;35.9;34.7;33.7;31.9;30.8;30.2;29.0;27.6;27.6;26.1;18.7;15.2;17.5;12.9
2024-10-14;15:21:52;50.7;50.7;;62.5;63.3;45.4;46.8;53.8;50.1;57.3;55.5;53.8;47.7;51.3;50.7;46.4;45.1;44.1;45.3;44.3;43.6;43.5;41.9;40.9;37.9;38.4;35.7;34.8;33.8;33.4;32.2;33.3;31.2;24.1;21.5;23.6;20.2;33.6;33.8;37.4;41.9;45.0;47.2;48.4;46.0;44.0;45.8;42.3;41.8;42.3;42.1;42.4;41.5;39.4;38.4;35.9;34.7;33.7;31.9;30.8;30.2;29.0;27.6;27.6;26.1;18.7;15.2;17.5;12.9
2024-10-14;15:21:53;50.7;50.8;;62.5;60.7;35.6;44.3;44.6;45.5;52.6;50.9;54.8;47.4;47.9;47.1;46.7;45.1;45.9;46.5;46.4;43.0;42.7;43.2;40.9;39.6;36.1;34.6;34.2;32.6;31.8;30.6;32.0;30.2;23.6;19.2;23.5;15.9;33.6;33.8;37.4;41.9;45.0;47.2;48.4;46.0;44.0;45.8;42.3;41.8;42.3;42.1;42.4;41.5;39.4;38.4;35.9;34.7;33.7;31.9;30.8;30.2;29.0;27.6;27.6;26.1;18.7;15.2;17.5;12.9
2024-10-14;15:21:54;50.8;52.2;;62.5;61.0;38.9;42.0;43.0;46.0;50.8;53.4;54.0;49.5;49.9;47.1;45.7;45.0;46.3;47.0;44.7;46.5;44.7;44.6;42.7;42.8;37.7;36.1;33.8;34.4;32.4;32.0;35.3;32.8;25.5;21.0;25.1;17.5;33.6;33.8;37.4;41.9;45.0;47.2;48.4;46.0;44.0;45.8;42.3;41.8;42.3;42.1;42.4;41.5;39.4;38.4;35.9;34.7;33.7;31.9;30.8;30.2;29.0;27.6;27.6;26.1;18.7;15.2;17.5;12.9
2024-10-14;15:21:55;50.8;52.1;;62.5;61.3;42.6;47.5;48.3;50.2;51.6;54.5;51.3;47.3;49.4;48.6;44.5;44.0;45.2;44.5;45.0;47.2;44.3;45.1;43.9;41.4;37.7;34.3;32.7;32.7;31.9;32.9;34.9;32.7;25.9;21.2;25.2;17.2;33.6;33.8;37.4;41.9;45.0;47.2;48.4;46.0;44.0;45.8;42.3;41.8;42.3;42.1;42.4;41.5;39.4;38.4;35.9;34.7;33.7;31.9;30.8;30.2;29.0;27.6;27.6;26.1;18.7;15.2;17.5;12.9
2024-10-14;15:21:56;50.8;51.6;;62.4;60.5;44.6;48.3;44.6;46.5;49.7;54.2;51.2;46.0;48.0;47.1;44.9;43.8;46.2;46.4;46.2;44.4;43.9;43.6;43.2;40.2;38.0;35.7;32.7;34.3;32.6;33.0;35.5;32.9;27.1;21.5;25.7;17.6;33.6;33.8;37.4;41.9;45.0;47.2;48.4;46.0;44.0;45.8;42.3;41.8;42.3;42.1;42.4;41.5;39.4;38.4;35.9;34.7;33.7;31.9;30.8;30.2;29.0;27.6;27.6;26.1;18.7;15.2;17.5;12.9
2024-10-14;15:21:57;50.8;52.0;;62.4;62.6;44.0;45.5;50.3;48.0;54.2;56.4;54.9;48.4;49.1;49.0;46.8;44.2;46.4;45.1;47.1;46.1;45.1;42.4;40.6;38.8;38.0;37.9;38.2;35.7;34.9;34.3;36.0;34.0;28.2;24.1;27.3;21.1;33.6;33.8;37.4;41.9;45.0;47.2;48.4;46.0;44.0;45.8;42.3;41.8;42.3;42.1;42.4;41.5;39.4;38.4;35.9;34.7;33.7;31.9;30.8;30.2;29.0;27.6;27.6;26.1;18.7;15.2;17.5;12.9
2024-10-14;15:21:58;50.9;52.8;;62.5;64.7;51.8;55.5;55.5;52.2;55.5;56.2;56.4;48.9;50.4;50.2;46.6;44.9;46.7;46.0;47.8;46.5;47.2;43.7;42.5;40.8;38.1;37.2;35.5;34.9;34.2;33.9;36.0;34.6;28.6;23.8;27.2;20.3;33.6;33.8;37.4;41.9;45.0;47.2;48.4;46.0;44.0;45.8;42.3;41.8;42.3;42.1;42.4;41.5;39.4;38.4;35.9;34.7;33.7;31.9;30.8;30.2;29.0;27.6;27.6;26.1;18.7;15.2;17.5;12.9
2024-10-14;15:21:59;50.9;52.9;;62.5;64.5;49.7;50.4;52.3;53.8;55.0;56.9;56.9;51.9;51.7;50.0;50.8;44.6;45.1;47.9;50.0;46.1;45.0;43.9;43.6;40.4;38.4;36.0;35.5;34.2;34.6;34.1;36.4;35.2;29.1;24.5;27.9;21.4;33.6;33.8;37.4;41.9;45.0;47.2;48.4;46.0;44.0;45.8;42.3;41.8;42.3;42.1;42.4;41.5;39.4;38.4;35.9;34.7;33.7;31.9;30.8;30.2;29.0;27.6;27.6;26.1;18.7;15.2;17.5;12.9
2024-10-14;15:22:00;51.1;56.3;;63.5;74.1;48.3;59.7;61.3;60.2;66.5;65.5;63.6;64.0;66.3;65.6;58.4;55.6;51.9;46.7;48.0;47.9;45.3;44.7;42.9;40.2;41.0;37.5;36.4;35.4;35.2;35.6;37.6;36.0;30.4;26.1;29.4;22.7;33.6;33.8;37.4;41.9;45.0;47.2;48.4;46.0;44.0;45.8;42.3;41.8;42.3;42.1;42.4;41.5;39.4;38.4;35.9;34.7;33.7;31.9;30.8;30.2;29.0;27.6;27.6;26.1;18.7;15.2;17.5;12.9
2024-10-14;15:22:01;51.5;59.5;;64.5;76.1;55.5;63.3;63.8;60.4;67.9;65.0;67.0;67.5;67.1;67.3;63.9;57.6;56.0;53.6;52.7;49.0;49.7;48.5;45.7;44.3;43.3;41.2;40.6;39.8;39.4;38.5;39.6;38.6;35.3;34.0;34.8;33.3;33.6;33.8;37.4;41.9;45.0;47.2;48.4;46.0;44.0;45.8;42.3;41.8;42.3;42.1;42.4;41.5;39.4;38.4;35.9;34.7;33.7;31.9;30.8;30.2;29.0;27.6;27.6;26.1;18.7;15.2;17.5;12.9
2024-10-14;15:22:02;;;STOP



