Descrizione: 
Condizione: All'aperto
Ambiente: Urbano
Sorgente: Natura
Meteo: Nuvoloso
Sensazione: Molto buono
Appropriato: Perfettamente
Motivo: Studio
Coordinate: -23.560375,-46.730284
Calibrazione: 24 dBA
Inizio misura: 2024-10-14 15:21:00
Fine misura: 2024-10-14 15:22:01
Durata: 00:01:01
LAeq(t): 52.4 dBA
Cloud: Si
===


Date;Time;LAeq(t);LAeq(1s);Marker;LZeq(t);LZeq(1s);LZeq_16;LZeq_20;LZeq_25;LZeq_31.5;LZeq_40;LZeq_50;LZeq_63;LZeq_80;LZeq_100;LZeq_125;LZeq_160;LZeq_200;LZeq_250;LZeq_315;LZeq_400;LZeq_500;LZeq_630;LZeq_800;LZeq_1000;LZeq_1250;LZeq_1600;LZeq_2000;LZeq_2500;LZeq_3150;LZeq_4000;LZeq_5000;LZeq_6300;LZeq_8000;LZeq_10000;LZeq_12500;LZeq_16000;LZeq_20000;LZmin_16;LZmin_20;LZmin_25;LZmin_31.5;LZmin_40;LZmin_50;LZmin_63;LZmin_80;LZmin_100;LZmin_125;LZmin_160;LZmin_200;LZmin_250;LZmin_315;LZmin_400;LZmin_500;LZmin_630;LZmin_800;LZmin_1000;LZmin_1250;LZmin_1600;LZmin_2000;LZmin_2500;LZmin_3150;LZmin_4000;LZmin_5000;LZmin_6300;LZmin_8000;LZmin_10000;LZmin_12500;LZmin_16000;LZmin_20000
2024-10-14;15:21:00;56.3;53.9;START;74.7;72.1;55.0;58.0;59.1;59.1;62.3;66.0;64.8;62.7;61.9;58.5;53.3;49.9;49.8;46.3;46.5;45.6;43.0;43.0;41.7;40.9;39.1;38.7;39.8;36.3;35.5;35.2;35.5;34.7;32.1;30.2;29.6;26.7;55.0;58.0;59.1;59.1;62.3;66.0;64.8;62.7;61.9;58.5;53.3;49.9;49.8;46.3;46.5;45.6;43.0;43.0;41.7;40.9;39.1;38.7;39.8;36.3;35.5;35.2;35.5;34.7;32.1;30.2;29.6;26.7
2024-10-14;15:21:01;54.8;52.6;;73.8;72.6;56.1;57.5;61.3;62.3;66.5;66.1;63.5;61.0;60.0;59.2;53.5;48.0;47.4;44.9;44.6;45.4;42.5;39.7;39.3;38.9;38.3;38.0;36.7;34.9;33.8;33.6;34.0;33.4;30.7;28.1;26.8;21.9;55.0;57.5;59.1;59.1;62.3;66.0;63.5;61.0;60.0;58.5;53.3;48.0;47.4;44.9;44.6;45.4;42.5;39.7;39.3;38.9;38.3;38.0;36.7;34.9;33.8;33.6;34.0;33.4;30.7;28.1;26.8;21.9
2024-10-14;15:21:02;54.1;51.4;;72.8;68.5;48.7;53.5;56.4;58.9;63.0;59.4;59.6;58.0;56.0;53.9;50.7;48.5;48.9;44.2;42.9;44.9;43.7;39.2;38.7;37.1;37.9;37.6;38.3;35.5;33.2;32.5;32.8;32.4;29.2;26.7;24.8;18.3;48.7;53.5;56.4;58.9;62.3;59.4;59.6;58.0;56.0;53.9;50.7;48.0;47.4;44.2;42.9;44.9;42.5;39.2;38.7;37.1;37.9;37.6;36.7;34.9;33.2;32.5;32.8;32.4;29.2;26.7;24.8;18.3
2024-10-14;15:21:03;53.5;51.2;;71.8;65.7;47.5;52.1;50.1;58.4;57.5;59.5;56.7;50.8;51.3;51.7;48.5;46.4;47.5;46.0;45.3;44.2;43.7;41.5;38.6;38.4;37.2;37.1;38.4;34.3;33.5;33.4;33.8;33.2;30.1;27.8;25.9;21.2;47.5;52.1;50.1;58.4;57.5;59.4;56.7;50.8;51.3;51.7;48.5;46.4;47.4;44.2;42.9;44.2;42.5;39.2;38.6;37.1;37.2;37.1;36.7;34.3;33.2;32.5;32.8;32.4;29.2;26.7;24.8;18.3
2024-10-14;15:21:04;53.1;51.0;;71.1;64.4;42.6;51.5;51.2;55.3;55.3;53.5;54.3;50.7;57.5;53.7;49.8;47.2;45.7;44.8;45.2;44.8;43.7;40.9;39.0;37.4;36.1;36.7;34.6;32.9;32.3;32.3;33.1;32.8;30.0;27.9;26.4;21.0;42.6;51.5;50.1;55.3;55.3;53.5;54.3;50.7;51.3;51.7;48.5;46.4;45.7;44.2;42.9;44.2;42.5;39.2;38.6;37.1;36.1;36.7;34.6;32.9;32.3;32.3;32.8;32.4;29.2;26.7;24.8;18.3
2024-10-14;15:21:05;53.0;51.7;;70.6;65.8;47.7;49.9;49.2;54.3;55.0;57.4;58.3;52.2;57.7;57.8;49.7;48.0;46.1;46.4;45.3;45.7;44.0;38.8;39.5;37.0;36.3;39.1;35.3;34.5;33.4;33.7;34.2;33.9;31.2;28.7;27.2;22.1;42.6;49.9;49.2;54.3;55.0;53.5;54.3;50.7;51.3;51.7;48.5;46.4;45.7;44.2;42.9;44.2;42.5;38.8;38.6;37.0;36.1;36.7;34.6;32.9;32.3;32.3;32.8;32.4;29.2;26.7;24.8;18.3
2024-10-14;15:21:06;52.8;51.4;;70.1;64.1;52.0;47.9;53.3;49.3;54.1;53.5;57.0;51.8;55.0;54.6;46.1;44.5;45.9;45.2;46.1;46.2;44.6;40.2;40.2;37.4;36.3;38.4;34.4;33.6;32.6;32.3;33.5;33.1;30.3;27.8;26.3;19.6;42.6;47.9;49.2;49.3;54.1;53.5;54.3;50.7;51.3;51.7;46.1;44.5;45.7;44.2;42.9;44.2;42.5;38.8;38.6;37.0;36.1;36.7;34.4;32.9;32.3;32.3;32.8;32.4;29.2;26.7;24.8;18.3
2024-10-14;15:21:07;52.6;50.8;;69.6;61.5;44.0;46.3;46.5;48.0;52.2;48.8;52.8;51.1;52.7;52.7;47.6;45.4;45.6;45.4;45.1;45.9;44.3;39.5;38.7;37.5;35.3;35.4;37.0;33.2;31.3;32.4;33.3;33.1;30.3;30.4;28.1;19.6;42.6;46.3;46.5;48.0;52.2;48.8;52.8;50.7;51.3;51.7;46.1;44.5;45.6;44.2;42.9;44.2;42.5;38.8;38.6;37.0;35.3;35.4;34.4;32.9;31.3;32.3;32.8;32.4;29.2;26.7;24.8;18.3
2024-10-14;15:21:08;52.4;50.4;;69.2;62.3;38.8;41.8;46.0;48.3;52.2;49.7;55.4;51.8;53.4;55.0;48.2;44.9;46.4;44.7;43.9;44.8;42.5;38.8;37.9;36.8;36.7;35.2;35.7;34.2;32.5;32.7;33.4;33.0;30.1;27.4;26.2;19.6;38.8;41.8;46.0;48.0;52.2;48.8;52.8;50.7;51.3;51.7;46.1;44.5;45.6;44.2;42.9;44.2;42.5;38.8;37.9;36.8;35.3;35.2;34.4;32.9;31.3;32.3;32.8;32.4;29.2;26.7;24.8;18.3
2024-10-14;15:21:09;52.3;51.8;;68.8;62.3;41.2;44.4;48.1;51.8;53.8;51.9;54.2;52.8;49.7;52.1;48.4;45.8;45.4;46.4;45.2;44.8;44.4;41.1;39.7;39.1;40.1;40.4;36.7;36.1;35.2;34.7;34.8;34.1;30.8;28.9;27.6;20.6;38.8;41.8;46.0;48.0;52.2;48.8;52.8;50.7;49.7;51.7;46.1;44.5;45.4;44.2;42.9;44.2;42.5;38.8;37.9;36.8;35.3;35.2;34.4;32.9;31.3;32.3;32.8;32.4;29.2;26.7;24.8;18.3
2024-10-14;15:21:10;52.3;51.4;;68.6;62.7;42.8;50.8;53.4;49.1;53.8;52.6;53.0;53.6;50.4;49.9;48.3;43.9;46.0;47.5;46.4;45.9;44.7;40.9;37.7;36.8;37.7;36.8;35.5;36.1;34.9;33.8;34.3;34.2;30.8;29.1;28.1;20.7;38.8;41.8;46.0;48.0;52.2;48.8;52.8;50.7;49.7;49.9;46.1;43.9;45.4;44.2;42.9;44.2;42.5;38.8;37.7;36.8;35.3;35.2;34.4;32.9;31.3;32.3;32.8;32.4;29.2;26.7;24.8;18.3
2024-10-14;15:21:11;52.2;51.4;;68.2;61.2;40.0;43.2;47.1;44.7;51.0;49.9;55.0;50.3;50.1;51.7;48.1;44.8;45.6;44.4;44.4;46.1;44.1;43.1;40.9;37.4;37.0;35.2;40.4;33.6;32.6;32.0;33.4;31.6;28.7;26.6;25.1;19.3;38.8;41.8;46.0;44.7;51.0;48.8;52.8;50.3;49.7;49.9;46.1;43.9;45.4;44.2;42.9;44.2;42.5;38.8;37.7;36.8;35.3;35.2;34.4;32.9;31.3;32.0;32.8;31.6;28.7;26.6;24.8;18.3
2024-10-14;15:21:12;52.1;50.4;;68.0;61.2;42.7;42.9;42.0;46.5;50.3;47.6;55.6;51.4;51.7;50.8;47.6;46.1;44.7;45.3;45.7;45.8;42.9;40.0;37.3;36.3;36.1;35.3;35.8;33.5;31.9;32.0;32.6;31.8;28.6;26.1;24.3;17.4;38.8;41.8;42.0;44.7;50.3;47.6;52.8;50.3;49.7;49.9;46.1;43.9;44.7;44.2;42.9;44.2;42.5;38.8;37.3;36.3;35.3;35.2;34.4;32.9;31.3;32.0;32.6;31.6;28.6;26.1;24.3;17.4
2024-10-14;15:21:13;52.0;50.0;;67.7;61.0;37.5;42.2;49.8;50.1;52.8;51.1;51.4;51.2;49.5;48.6;47.3;45.8;45.4;46.5;44.0;45.4;41.9;40.3;37.2;36.5;36.0;35.9;33.6;32.6;31.6;31.2;31.7;30.7;27.8;25.8;24.6;16.9;37.5;41.8;42.0;44.7;50.3;47.6;51.4;50.3;49.5;48.6;46.1;43.9;44.7;44.2;42.9;44.2;41.9;38.8;37.2;36.3;35.3;35.2;33.6;32.6;31.3;31.2;31.7;30.7;27.8;25.8;24.3;16.9
2024-10-14;15:21:14;51.9;49.8;;67.5;61.8;35.0;47.5;43.9;46.1;53.9;50.7;53.6;51.0;54.3;51.9;47.4;44.8;45.0;44.6;44.3;43.5;41.9;39.9;37.4;36.1;36.2;35.0;33.2;32.2;31.5;36.6;32.7;31.1;29.1;26.6;29.6;20.5;35.0;41.8;42.0;44.7;50.3;47.6;51.4;50.3;49.5;48.6;46.1;43.9;44.7;44.2;42.9;43.5;41.9;38.8;37.2;36.1;35.3;35.0;33.2;32.2;31.3;31.2;31.7;30.7;27.8;25.8;24.3;16.9
2024-10-14;15:21:15;51.8;50.8;;67.3;63.9;41.3;46.4;51.3;48.1;57.0;55.4;54.4;53.5;52.0;54.1;52.9;46.3;47.3;45.4;45.7;44.9;42.8;41.3;38.2;37.6;36.3;34.2;32.2;31.5;31.7;30.1;30.7;30.1;27.3;24.5;22.8;16.9;35.0;41.8;42.0;44.7;50.3;47.6;51.4;50.3;49.5;48.6;46.1;43.9;44.7;44.2;42.9;43.5;41.9;38.8;37.2;36.1;35.3;34.2;32.2;31.5;31.3;30.1;30.7;30.1;27.3;24.5;22.8;16.9
2024-10-14;15:21:16;51.7;49.3;;67.2;62.6;42.8;49.6;44.2;51.2;55.6;52.3;55.4;53.2;49.0;50.4;49.3;45.2;43.7;43.9;45.1;43.2;40.1;38.6;35.5;35.6;35.0;34.6;31.9;30.8;32.1;36.4;35.9;33.7;29.3;25.6;23.3;15.9;35.0;41.8;42.0;44.7;50.3;47.6;51.4;50.3;49.0;48.6;46.1;43.9;43.7;43.9;42.9;43.2;40.1;38.6;35.5;35.6;35.0;34.2;31.9;30.8;31.3;30.1;30.7;30.1;27.3;24.5;22.8;15.9
2024-10-14;15:21:17;51.6;50.1;;67.0;63.0;41.8;48.0;51.8;52.3;56.4;52.6;55.6;50.1;47.7;50.4;50.7;46.4;47.0;43.1;44.7;44.6;42.0;40.8;37.8;36.1;35.3;34.4;33.2;32.0;32.2;34.9;34.0;31.5;28.0;23.6;21.6;15.9;35.0;41.8;42.0;44.7;50.3;47.6;51.4;50.1;47.7;48.6;46.1;43.9;43.7;43.1;42.9;43.2;40.1;38.6;35.5;35.6;35.0;34.2;31.9;30.8;31.3;30.1;30.7;30.1;27.3;23.6;21.6;15.9
2024-10-14;15:21:18;51.6;50.4;;66.9;62.7;45.8;44.5;50.1;48.0;55.8;51.4;52.3;53.7;51.3;51.0;53.5;46.4;42.9;43.9;45.3;45.3;44.2;41.3;37.2;36.4;35.7;33.9;32.4;30.4;29.4;29.3;29.1;28.7;25.6;23.0;21.3;17.3;35.0;41.8;42.0;44.7;50.3;47.6;51.4;50.1;47.7;48.6;46.1;43.9;42.9;43.1;42.9;43.2;40.1;38.6;35.5;35.6;35.0;33.9;31.9;30.4;29.4;29.3;29.1;28.7;25.6;23.0;21.3;15.9
2024-10-14;15:21:19;51.5;50.6;;66.9;66.8;47.1;50.5;52.6;58.0;60.9;58.7;59.5;54.7;53.1;51.1;47.5;44.2;45.2;45.3;45.0;46.8;42.9;41.9;38.6;36.8;36.2;34.3;32.7;31.0;29.8;29.2;28.9;27.7;24.8;21.9;20.2;16.7;35.0;41.8;42.0;44.7;50.3;47.6;51.4;50.1;47.7;48.6;46.1;43.9;42.9;43.1;42.9;43.2;40.1;38.6;35.5;35.6;35.0;33.9;31.9;30.4;29.4;29.2;28.9;27.7;24.8;21.9;20.2;15.9
2024-10-14;15:21:20;51.5;52.0;;67.0;69.4;48.6;56.7;54.2;58.2;58.1;58.6;62.7;62.8;61.3;55.6;51.1;45.2;45.1;47.3;46.8;46.8;43.5;39.8;37.1;37.5;38.2;34.1;33.1;31.2;29.3;28.6;28.7;28.0;24.6;22.3;20.8;15.4;35.0;41.8;42.0;44.7;50.3;47.6;51.4;50.1;47.7;48.6;46.1;43.9;42.9;43.1;42.9;43.2;40.1;38.6;35.5;35.6;35.0;33.9;31.9;30.4;29.3;28.6;28.7;27.7;24.6;21.9;20.2;15.4
2024-10-14;15:21:21;51.6;53.6;;67.4;72.0;57.5;59.3;57.6;58.2;63.6;60.6;66.2;65.0;61.4;56.7;54.6;49.6;47.0;47.9;47.7;45.1;45.1;43.3;40.5;39.8;39.6;36.9;35.3;33.9;32.9;32.2;31.7;30.7;29.1;28.2;27.5;27.1;35.0;41.8;42.0;44.7;50.3;47.6;51.4;50.1;47.7;48.6;46.1;43.9;42.9;43.1;42.9;43.2;40.1;38.6;35.5;35.6;35.0;33.9;31.9;30.4;29.3;28.6;28.7;27.7;24.6;21.9;20.2;15.4
2024-10-14;15:21:22;51.6;49.6;;67.4;68.2;51.4;57.4;58.8;59.6;61.7;58.1;59.6;55.7;55.8;53.4;50.2;45.3;45.1;45.3;44.7;43.0;42.0;39.8;36.2;34.8;34.4;32.6;30.5;30.0;28.7;28.7;29.0;28.4;25.6;23.8;22.8;19.1;35.0;41.8;42.0;44.7;50.3;47.6;51.4;50.1;47.7;48.6;46.1;43.9;42.9;43.1;42.9;43.0;40.1;38.6;35.5;34.8;34.4;32.6;30.5;30.0;28.7;28.6;28.7;27.7;24.6;21.9;20.2;15.4
2024-10-14;15:21:23;51.6;52.6;;67.7;71.0;54.7;52.5;59.6;60.5;63.2;62.6;64.3;62.3;59.6;54.5;52.9;48.7;46.4;46.8;47.4;44.8;42.8;42.4;39.3;40.0;39.8;38.4;34.4;33.1;31.5;31.2;31.7;29.7;27.5;26.0;25.1;24.2;35.0;41.8;42.0;44.7;50.3;47.6;51.4;50.1;47.7;48.6;46.1;43.9;42.9;43.1;42.9;43.0;40.1;38.6;35.5;34.8;34.4;32.6;30.5;30.0;28.7;28.6;28.7;27.7;24.6;21.9;20.2;15.4
2024-10-14;15:21:24;51.7;53.8;;67.6;66.8;43.3;52.3;53.0;57.8;61.0;57.3;58.1;56.2;54.8;53.3;49.1;46.0;44.2;44.7;45.9;45.4;47.9;43.2;40.4;42.4;45.6;43.5;38.3;34.4;30.5;29.8;29.0;27.6;24.2;21.5;20.2;16.4;35.0;41.8;42.0;44.7;50.3;47.6;51.4;50.1;47.7;48.6;46.1;43.9;42.9;43.1;42.9;43.0;40.1;38.6;35.5;34.8;34.4;32.6;30.5;30.0;28.7;28.6;28.7;27.6;24.2;21.5;20.2;15.4
2024-10-14;15:21:25;51.9;54.3;;67.5;64.6;46.8;52.6;51.6;54.2;58.1;56.2;54.2;51.0;51.2;50.7;50.9;47.0;47.2;46.5;46.9;46.8;47.6;42.8;41.6;43.8;45.2;44.6;39.8;34.9;33.4;32.3;31.6;28.3;24.6;22.2;20.3;16.9;35.0;41.8;42.0;44.7;50.3;47.6;51.4;50.1;47.7;48.6;46.1;43.9;42.9;43.1;42.9;43.0;40.1;38.6;35.5;34.8;34.4;32.6;30.5;30.0;28.7;28.6;28.7;27.6;24.2;21.5;20.2;15.4
2024-10-14;15:21:26;52.0;54.8;;67.5;65.6;45.4;46.2;53.0;54.0;60.2;57.5;54.3;52.7;52.7;52.8;51.9;46.2;46.5;47.7;49.1;49.4;48.3;45.6;41.8;41.9;44.2;43.5;38.5;36.7;34.1;32.7;30.4;29.0;25.0;21.7;19.2;15.2;35.0;41.8;42.0;44.7;50.3;47.6;51.4;50.1;47.7;48.6;46.1;43.9;42.9;43.1;42.9;43.0;40.1;38.6;35.5;34.8;34.4;32.6;30.5;30.0;28.7;28.6;28.7;27.6;24.2;21.5;19.2;15.2
2024-10-14;15:21:27;52.1;54.2;;67.8;72.3;52.6;60.3;58.3;62.5;65.4;64.5;62.4;63.7;60.8;60.1;54.9;47.6;46.3;49.6;46.9;47.2;46.6;44.1;40.3;41.0;41.8;38.7;35.2;33.7;32.0;30.4;29.7;28.3;26.0;24.0;23.2;21.9;35.0;41.8;42.0;44.7;50.3;47.6;51.4;50.1;47.7;48.6;46.1;43.9;42.9;43.1;42.9;43.0;40.1;38.6;35.5;34.8;34.4;32.6;30.5;30.0;28.7;28.6;28.7;27.6;24.2;21.5;19.2;15.2
2024-10-14;15:21:28;52.1;51.9;;67.9;68.9;52.1;58.5;57.8;52.6;61.2;63.7;60.9;54.9;52.8;53.9;52.7;48.0;45.4;45.9;46.2;46.1;43.9;44.2;39.1;38.3;36.7;36.0;33.4;32.5;31.1;33.0;35.3;30.7;27.0;24.4;22.9;20.4;35.0;41.8;42.0;44.7;50.3;47.6;51.4;50.1;47.7;48.6;46.1;43.9;42.9;43.1;42.9;43.0;40.1;38.6;35.5;34.8;34.4;32.6;30.5;30.0;28.7;28.6;28.7;27.6;24.2;21.5;19.2;15.2
2024-10-14;15:21:29;52.1;51.5;;67.8;65.2;50.9;55.2;53.5;55.5;53.9;56.9;54.0;52.3;53.6;52.5;56.4;47.4;45.5;46.2;47.5;45.6;44.4;41.6;40.0;37.3;34.7;33.3;31.4;30.2;27.7;28.4;28.9;26.7;23.7;20.5;18.3;12.1;35.0;41.8;42.0;44.7;50.3;47.6;51.4;50.1;47.7;48.6;46.1;43.9;42.9;43.1;42.9;43.0;40.1;38.6;35.5;34.8;34.4;32.6;30.5;30.0;27.7;28.4;28.7;26.7;23.7;20.5;18.3;12.1
2024-10-14;15:21:30;52.1;52.5;;67.8;66.9;48.3;50.9;55.3;54.8;54.5;59.6;57.8;57.3;54.7;55.5;57.1;55.1;49.2;47.6;47.1;45.8;43.9;40.4;38.1;36.7;34.3;32.9;31.7;30.8;30.1;29.4;28.4;27.5;24.2;21.8;20.1;17.1;35.0;41.8;42.0;44.7;50.3;47.6;51.4;50.1;47.7;48.6;46.1;43.9;42.9;43.1;42.9;43.0;40.1;38.6;35.5;34.8;34.3;32.6;30.5;30.0;27.7;28.4;28.4;26.7;23.7;20.5;18.3;12.1
2024-10-14;15:21:31;52.1;50.4;;67.7;62.7;41.7;42.4;46.8;53.2;56.3;53.8;52.3;49.9;48.7;52.4;50.8;47.1;44.4;46.3;47.5;44.0;43.2;41.0;38.6;37.9;36.3;33.1;31.7;29.1;28.0;27.4;27.1;25.8;22.7;19.8;17.7;13.0;35.0;41.8;42.0;44.7;50.3;47.6;51.4;49.9;47.7;48.6;46.1;43.9;42.9;43.1;42.9;43.0;40.1;38.6;35.5;34.8;34.3;32.6;30.5;29.1;27.7;27.4;27.1;25.8;22.7;19.8;17.7;12.1
2024-10-14;15:21:32;52.0;50.7;;67.6;60.5;37.9;39.8;40.2;45.1;49.2;48.9;50.4;50.1;50.2;52.2;51.4;46.7;44.8;47.1;46.5;45.4;44.8;41.3;36.8;36.3;35.8;34.1;31.8;31.1;30.7;29.8;29.9;28.1;24.4;21.2;19.4;15.5;35.0;39.8;40.2;44.7;49.2;47.6;50.4;49.9;47.7;48.6;46.1;43.9;42.9;43.1;42.9;43.0;40.1;38.6;35.5;34.8;34.3;32.6;30.5;29.1;27.7;27.4;27.1;25.8;22.7;19.8;17.7;12.1
2024-10-14;15:21:33;52.0;49.2;;67.5;61.1;44.1;46.5;46.4;53.2;53.5;51.0;51.0;49.9;47.4;49.1;46.8;45.0;44.5;45.2;43.8;44.3;43.6;40.5;35.6;34.8;34.8;32.2;30.3;29.4;28.8;30.4;28.6;25.9;22.3;18.7;16.9;12.1;35.0;39.8;40.2;44.7;49.2;47.6;50.4;49.9;47.4;48.6;46.1;43.9;42.9;43.1;42.9;43.0;40.1;38.6;35.5;34.8;34.3;32.2;30.3;29.1;27.7;27.4;27.1;25.8;22.3;18.7;16.9;12.1
2024-10-14;15:21:34;51.9;49.8;;67.4;61.0;42.3;46.5;44.3;50.6;55.2;52.4;47.0;50.1;45.7;48.8;47.5;45.5;45.1;45.2;47.3;44.8;42.5;41.8;36.6;34.9;34.2;31.8;31.0;29.6;29.3;29.4;31.2;27.7;24.0;19.9;17.6;13.0;35.0;39.8;40.2;44.7;49.2;47.6;47.0;49.9;45.7;48.6;46.1;43.9;42.9;43.1;42.9;43.0;40.1;38.6;35.5;34.8;34.2;31.8;30.3;29.1;27.7;27.4;27.1;25.8;22.3;18.7;16.9;12.1
2024-10-14;15:21:35;51.9;49.5;;67.3;60.7;38.1;43.8;48.0;51.9;52.2;51.4;49.1;50.5;48.8;49.8;47.8;44.3;43.4;46.6;45.5;45.0;43.4;39.6;36.2;35.0;34.8;32.9;30.2;28.9;27.1;28.5;29.5;24.9;21.0;18.4;16.0;11.4;35.0;39.8;40.2;44.7;49.2;47.6;47.0;49.9;45.7;48.6;46.1;43.9;42.9;43.1;42.9;43.0;40.1;38.6;35.5;34.8;34.2;31.8;30.2;28.9;27.1;27.4;27.1;24.9;21.0;18.4;16.0;11.4
2024-10-14;15:21:36;51.9;52.3;;67.2;62.2;34.1;39.3;46.9;46.6;54.8;51.7;51.1;52.3;51.2;51.2;49.6;47.4;44.8;51.8;49.5;46.4;46.2;40.7;38.9;37.1;36.3;35.1;33.0;31.6;30.4;29.7;29.3;27.0;24.2;22.1;20.9;19.8;34.1;39.3;40.2;44.7;49.2;47.6;47.0;49.9;45.7;48.6;46.1;43.9;42.9;43.1;42.9;43.0;40.1;38.6;35.5;34.8;34.2;31.8;30.2;28.9;27.1;27.4;27.1;24.9;21.0;18.4;16.0;11.4
2024-10-14;15:21:37;51.9;50.9;;67.1;61.6;40.5;39.5;45.3;47.3;50.7;53.3;53.6;52.4;50.3;50.5;49.5;46.4;46.5;46.3;48.3;45.6;44.8;40.8;39.6;36.0;35.4;32.9;31.8;29.7;28.4;27.9;27.9;26.3;23.6;21.0;19.7;17.0;34.1;39.3;40.2;44.7;49.2;47.6;47.0;49.9;45.7;48.6;46.1;43.9;42.9;43.1;42.9;43.0;40.1;38.6;35.5;34.8;34.2;31.8;30.2;28.9;27.1;27.4;27.1;24.9;21.0;18.4;16.0;11.4
2024-10-14;15:21:38;51.8;51.2;;67.0;62.2;42.0;45.3;45.0;48.8;50.6;52.3;55.2;53.2;49.5;51.7;50.6;47.5;47.0;48.0;47.8;45.9;44.8;41.2;39.4;36.4;35.0;32.9;30.7;29.6;28.4;27.7;27.8;27.3;24.7;21.7;20.8;16.8;34.1;39.3;40.2;44.7;49.2;47.6;47.0;49.9;45.7;48.6;46.1;43.9;42.9;43.1;42.9;43.0;40.1;38.6;35.5;34.8;34.2;31.8;30.2;28.9;27.1;27.4;27.1;24.9;21.0;18.4;16.0;11.4
2024-10-14;15:21:39;51.8;52.2;;67.0;61.8;36.6;40.3;48.6;45.4;51.9;52.8;50.8;50.7;50.0;51.4;50.8;49.3;48.1;49.1;48.6;46.3;46.3;43.3;39.0;36.7;37.6;35.5;32.1;31.5;28.7;28.0;28.1;27.1;24.1;21.8;20.3;18.1;34.1;39.3;40.2;44.7;49.2;47.6;47.0;49.9;45.7;48.6;46.1;43.9;42.9;43.1;42.9;43.0;40.1;38.6;35.5;34.8;34.2;31.8;30.2;28.9;27.1;27.4;27.1;24.9;21.0;18.4;16.0;11.4
2024-10-14;15:21:40;51.8;51.4;;66.9;62.4;39.4;43.6;47.1;46.0;53.9;55.5;53.6;51.2;51.1;50.5;47.6;49.5;46.0;46.9;47.6;47.7;45.5;41.3;37.4;36.0;36.0;32.5;31.4;32.3;29.7;29.2;28.6;30.6;24.8;20.1;18.4;14.7;34.1;39.3;40.2;44.7;49.2;47.6;47.0;49.9;45.7;48.6;46.1;43.9;42.9;43.1;42.9;43.0;40.1;38.6;35.5;34.8;34.2;31.8;30.2;28.9;27.1;27.4;27.1;24.9;21.0;18.4;16.0;11.4
2024-10-14;15:21:41;51.8;51.3;;66.8;64.3;39.5;41.0;45.2;49.2;54.7;54.5;55.9;56.9;54.5;54.7;51.6;51.3;47.4;47.2;47.2;46.6;42.8;38.6;38.1;37.1;36.4;33.5;31.9;30.6;27.6;27.0;26.9;26.7;22.8;20.0;18.6;15.4;34.1;39.3;40.2;44.7;49.2;47.6;47.0;49.9;45.7;48.6;46.1;43.9;42.9;43.1;42.9;43.0;40.1;38.6;35.5;34.8;34.2;31.8;30.2;28.9;27.1;27.0;26.9;24.9;21.0;18.4;16.0;11.4
2024-10-14;15:21:42;51.8;52.1;;66.8;64.4;42.5;41.3;48.8;48.7;56.3;54.4;56.7;56.2;54.1;52.8;51.8;50.9;46.1;46.7;47.3;47.5;44.1;41.3;42.4;39.5;36.8;34.3;32.5;31.0;30.1;28.5;28.2;26.0;23.3;21.4;20.2;17.3;34.1;39.3;40.2;44.7;49.2;47.6;47.0;49.9;45.7;48.6;46.1;43.9;42.9;43.1;42.9;43.0;40.1;38.6;35.5;34.8;34.2;31.8;30.2;28.9;27.1;27.0;26.9;24.9;21.0;18.4;16.0;11.4
2024-10-14;15:21:43;51.8;50.5;;66.7;62.4;36.5;38.7;44.0;48.6;51.2;54.4;56.9;51.8;47.8;50.1;51.5;47.5;45.2;46.2;45.3;45.0;43.0;40.9;39.4;37.0;36.4;35.0;31.6;33.9;28.9;28.2;28.4;26.1;23.0;19.2;17.7;14.0;34.1;38.7;40.2;44.7;49.2;47.6;47.0;49.9;45.7;48.6;46.1;43.9;42.9;43.1;42.9;43.0;40.1;38.6;35.5;34.8;34.2;31.8;30.2;28.9;27.1;27.0;26.9;24.9;21.0;18.4;16.0;11.4
2024-10-14;15:21:44;51.8;50.0;;66.7;62.5;36.5;41.3;38.4;47.0;47.0;53.5;58.0;53.6;51.4;48.8;50.6;47.0;46.0;44.7;44.3;44.4;42.5;41.6;39.4;36.2;36.6;34.0;30.5;29.4;28.3;27.0;27.0;25.3;21.4;19.1;17.4;15.5;34.1;38.7;38.4;44.7;47.0;47.6;47.0;49.9;45.7;48.6;46.1;43.9;42.9;43.1;42.9;43.0;40.1;38.6;35.5;34.8;34.2;31.8;30.2;28.9;27.1;27.0;26.9;24.9;21.0;18.4;16.0;11.4
2024-10-14;15:21:45;51.7;50.2;;66.6;63.1;36.5;40.0;44.4;42.1;53.8;56.1;56.5;53.9;50.5;49.6;52.5;48.0;44.9;43.4;46.0;44.3;42.7;41.0;38.7;36.9;35.9;33.9;31.4;30.3;28.3;27.2;26.6;25.3;22.3;20.1;18.9;16.9;34.1;38.7;38.4;42.1;47.0;47.6;47.0;49.9;45.7;48.6;46.1;43.9;42.9;43.1;42.9;43.0;40.1;38.6;35.5;34.8;34.2;31.8;30.2;28.9;27.1;27.0;26.6;24.9;21.0;18.4;16.0;11.4
2024-10-14;15:21:46;51.7;50.2;;66.6;62.5;39.4;41.3;47.7;48.1;53.5;52.5;53.5;54.6;50.8;52.9;52.0;44.6;44.4;44.7;47.8;45.0;42.7;40.4;36.5;34.8;34.4;34.4;31.6;29.0;27.5;27.1;27.2;26.1;22.8;21.9;22.1;15.3;34.1;38.7;38.4;42.1;47.0;47.6;47.0;49.9;45.7;48.6;46.1;43.9;42.9;43.1;42.9;43.0;40.1;38.6;35.5;34.8;34.2;31.8;30.2;28.9;27.1;27.0;26.6;24.9;21.0;18.4;16.0;11.4
2024-10-14;15:21:47;51.7;50.3;;66.5;61.9;40.7;40.8;49.2;48.8;49.1;53.2;56.4;51.2;47.1;51.9;47.2;46.5;46.0;44.5;46.3;46.6;43.7;40.8;37.2;36.2;35.2;34.1;32.3;30.0;27.8;27.4;27.4;25.0;21.3;20.1;19.0;15.2;34.1;38.7;38.4;42.1;47.0;47.6;47.0;49.9;45.7;48.6;46.1;43.9;42.9;43.1;42.9;43.0;40.1;38.6;35.5;34.8;34.2;31.8;30.2;28.9;27.1;27.0;26.6;24.9;21.0;18.4;16.0;11.4
2024-10-14;15:21:48;51.6;49.3;;66.4;63.0;43.1;40.9;43.7;51.7;55.9;57.0;53.6;53.7;46.9;50.4;49.9;45.8;43.5;44.9;43.4;44.9;43.0;39.3;36.2;35.6;34.8;33.4;31.3;29.3;27.4;26.4;27.0;25.0;22.0;21.9;21.8;17.6;34.1;38.7;38.4;42.1;47.0;47.6;47.0;49.9;45.7;48.6;46.1;43.9;42.9;43.1;42.9;43.0;40.1;38.6;35.5;34.8;34.2;31.8;30.2;28.9;27.1;26.4;26.6;24.9;21.0;18.4;16.0;11.4
2024-10-14;15:21:49;51.6;49.1;;66.4;61.9;41.4;39.8;43.3;44.2;52.8;56.5;55.3;49.5;47.9;49.5;48.6;46.1;44.9;44.4;46.0;44.1;41.9;39.5;36.1;35.0;34.4;32.1;31.0;29.3;28.2;26.4;25.8;24.2;20.8;18.5;16.9;13.4;34.1;38.7;38.4;42.1;47.0;47.6;47.0;49.5;45.7;48.6;46.1;43.9;42.9;43.1;42.9;43.0;40.1;38.6;35.5;34.8;34.2;31.8;30.2;28.9;27.1;26.4;25.8;24.2;20.8;18.4;16.0;11.4
2024-10-14;15:21:50;51.6;51.6;;66.4;62.8;39.6;37.0;42.4;44.8;54.6;57.1;54.5;53.1;49.3;51.5;48.7;44.5;45.1;44.1;44.5;44.3;47.3;42.8;38.7;39.6;41.7;34.2;32.5;30.1;29.0;27.0;30.9;26.8;22.6;20.5;19.7;16.8;34.1;37.0;38.4;42.1;47.0;47.6;47.0;49.5;45.7;48.6;46.1;43.9;42.9;43.1;42.9;43.0;40.1;38.6;35.5;34.8;34.2;31.8;30.2;28.9;27.1;26.4;25.8;24.2;20.8;18.4;16.0;11.4
2024-10-14;15:21:51;51.6;52.4;;66.3;63.1;39.1;40.4;42.4;47.8;52.9;58.9;54.0;52.3;52.3;48.3;46.3;44.9;43.7;45.0;43.9;44.5;48.0;45.6;41.6;41.5;41.4;36.3;34.4;32.3;31.1;29.9;30.5;29.4;25.2;22.2;21.2;17.4;34.1;37.0;38.4;42.1;47.0;47.6;47.0;49.5;45.7;48.3;46.1;43.9;42.9;43.1;42.9;43.0;40.1;38.6;35.5;34.8;34.2;31.8;30.2;28.9;27.1;26.4;25.8;24.2;20.8;18.4;16.0;11.4
2024-10-14;15:21:52;51.6;50.4;;66.3;61.5;44.5;40.3;46.5;51.0;54.3;54.1;50.3;49.0;50.3;50.6;47.5;45.7;43.4;43.9;44.2;45.6;44.9;41.1;40.0;37.4;38.7;33.8;32.9;30.5;28.1;29.2;27.8;26.4;23.3;20.5;18.8;15.7;34.1;37.0;38.4;42.1;47.0;47.6;47.0;49.0;45.7;48.3;46.1;43.9;42.9;43.1;42.9;43.0;40.1;38.6;35.5;34.8;34.2;31.8;30.2;28.9;27.1;26.4;25.8;24.2;20.8;18.4;16.0;11.4
2024-10-14;15:21:53;51.6;51.6;;66.2;61.4;39.4;39.2;43.8;44.8;50.0;53.4;54.9;49.2;50.7;48.2;49.8;46.6;45.3;46.1;47.3;46.0;45.2;43.1;39.0;38.5;39.3;36.4;33.1;32.6;30.8;29.8;31.5;30.5;27.0;24.1;22.8;15.5;34.1;37.0;38.4;42.1;47.0;47.6;47.0;49.0;45.7;48.2;46.1;43.9;42.9;43.1;42.9;43.0;40.1;38.6;35.5;34.8;34.2;31.8;30.2;28.9;27.1;26.4;25.8;24.2;20.8;18.4;16.0;11.4
2024-10-14;15:21:54;51.7;53.7;;66.1;62.1;45.0;45.6;51.3;47.2;51.3;52.1;53.9;50.9;49.6;49.1;47.7;46.2;46.5;46.6;48.5;50.8;46.2;45.0;44.1;42.7;37.9;36.8;34.1;34.9;31.1;30.4;32.8;32.1;28.8;26.5;24.7;17.3;34.1;37.0;38.4;42.1;47.0;47.6;47.0;49.0;45.7;48.2;46.1;43.9;42.9;43.1;42.9;43.0;40.1;38.6;35.5;34.8;34.2;31.8;30.2;28.9;27.1;26.4;25.8;24.2;20.8;18.4;16.0;11.4
2024-10-14;15:21:55;51.7;52.5;;66.1;61.5;44.4;47.4;45.6;54.2;50.9;52.0;50.2;46.4;46.6;51.3;48.3;45.0;45.4;46.2;46.7;49.2;44.2;44.5;43.5;39.5;38.9;35.7;33.0;31.4;30.4;31.9;35.1;32.6;29.6;27.0;25.2;17.6;34.1;37.0;38.4;42.1;47.0;47.6;47.0;46.4;45.7;48.2;46.1;43.9;42.9;43.1;42.9;43.0;40.1;38.6;35.5;34.8;34.2;31.8;30.2;28.9;27.1;26.4;25.8;24.2;20.8;18.4;16.0;11.4
2024-10-14;15:21:56;51.7;52.4;;66.1;63.7;39.9;47.5;50.2;49.3;53.1;58.1;56.9;50.4;50.3;50.5;48.2;45.6;47.1;45.7;47.0;46.9;46.1;44.8;43.1;39.8;38.7;34.7;32.9;33.3;31.6;32.1;33.6;33.1;30.3;27.6;26.1;21.2;34.1;37.0;38.4;42.1;47.0;47.6;47.0;46.4;45.7;48.2;46.1;43.9;42.9;43.1;42.9;43.0;40.1;38.6;35.5;34.8;34.2;31.8;30.2;28.9;27.1;26.4;25.8;24.2;20.8;18.4;16.0;11.4
2024-10-14;15:21:57;51.7;54.1;;66.0;64.6;39.5;45.3;49.2;49.1;54.2;60.3;54.8;53.0;49.5;48.9;48.6;47.1;46.5;46.1;52.6;51.8;45.9;42.9;38.9;38.8;37.9;36.6;36.5;35.2;33.4;32.8;34.4;34.1;31.5;28.3;26.3;19.3;34.1;37.0;38.4;42.1;47.0;47.6;47.0;46.4;45.7;48.2;46.1;43.9;42.9;43.1;42.9;43.0;40.1;38.6;35.5;34.8;34.2;31.8;30.2;28.9;27.1;26.4;25.8;24.2;20.8;18.4;16.0;11.4
2024-10-14;15:21:58;51.8;54.0;;66.0;63.7;45.7;42.8;52.4;49.4;57.7;56.1;52.7;49.8;48.5;50.0;45.2;45.4;46.6;46.1;52.8;48.8;48.2;42.9;39.4;41.2;38.9;37.7;35.9;34.7;33.2;33.0;34.7;34.5;31.6;28.7;26.8;19.0;34.1;37.0;38.4;42.1;47.0;47.6;47.0;46.4;45.7;48.2;45.2;43.9;42.9;43.1;42.9;43.0;40.1;38.6;35.5;34.8;34.2;31.8;30.2;28.9;27.1;26.4;25.8;24.2;20.8;18.4;16.0;11.4
2024-10-14;15:21:59;51.9;54.4;;66.0;65.0;46.5;47.0;53.7;53.2;54.6;59.0;56.0;52.4;50.3;50.3;50.2;47.1;47.6;49.7;54.0;48.8;47.2;43.3;41.8;40.7;39.1;37.6;34.4;33.9;33.2;33.0;34.9;35.0;32.1;29.3;27.5;20.2;34.1;37.0;38.4;42.1;47.0;47.6;47.0;46.4;45.7;48.2;45.2;43.9;42.9;43.1;42.9;43.0;40.1;38.6;35.5;34.8;34.2;31.8;30.2;28.9;27.1;26.4;25.8;24.2;20.8;18.4;16.0;11.4
2024-10-14;15:22:00;51.9;53.8;;66.0;65.3;44.8;44.8;52.9;49.5;54.9;59.2;59.5;52.8;52.7;49.4;47.6;47.4;48.3;48.0;50.6;48.3;44.7;45.6;42.5;40.0;42.7;37.6;34.9;34.5;33.4;33.8;36.0;36.0;33.1;30.7;28.6;22.0;34.1;37.0;38.4;42.1;47.0;47.6;47.0;46.4;45.7;48.2;45.2;43.9;42.9;43.1;42.9;43.0;40.1;38.6;35.5;34.8;34.2;31.8;30.2;28.9;27.1;26.4;25.8;24.2;20.8;18.4;16.0;11.4
2024-10-14;15:22:01;52.4;61.2;;66.2;71.9;53.7;54.6;61.1;58.5;63.6;61.8;64.1;62.7;59.0;59.9;56.7;50.0;55.0;46.2;51.3;62.0;49.0;54.3;42.2;42.4;42.7;44.9;43.2;35.3;34.7;35.4;36.7;36.9;34.8;32.1;30.4;24.5;34.1;37.0;38.4;42.1;47.0;47.6;47.0;46.4;45.7;48.2;45.2;43.9;42.9;43.1;42.9;43.0;40.1;38.6;35.5;34.8;34.2;31.8;30.2;28.9;27.1;26.4;25.8;24.2;20.8;18.4;16.0;11.4
2024-10-14;15:22:02;;;PAUSE;;;;;;;;;;;;;;;;;;;;;;;;;;;;;;;;;;;;;;;;;;;;;;;;;;;;;;;;;;;;;;;;;;
2024-10-14;15:22:03;;;PAUSE;;;;;;;;;;;;;;;;;;;;;;;;;;;;;;;;;;;;;;;;;;;;;;;;;;;;;;;;;;;;;;;;;;
2024-10-14;15:22:04;;;PAUSE;;;;;;;;;;;;;;;;;;;;;;;;;;;;;;;;;;;;;;;;;;;;;;;;;;;;;;;;;;;;;;;;;;
2024-10-14;15:22:05;;;PAUSE;;;;;;;;;;;;;;;;;;;;;;;;;;;;;;;;;;;;;;;;;;;;;;;;;;;;;;;;;;;;;;;;;;
2024-10-14;15:22:06;;;STOP



